17 0.497253 0.531043 0.026603 0.045811
17 0.493927 0.467149 0.023499 0.042194
17 0.450476 0.371007 0.027047 0.042797
17 0.493706 0.333333 0.020396 0.047016
17 0.516983 0.326100 0.021726 0.045811
17 0.541148 0.373418 0.029263 0.035564
17 0.518314 0.402954 0.021726 0.044002
17 0.499026 0.410790 0.023943 0.044002
17 0.475083 0.410488 0.019509 0.038577
17 0.462890 0.680530 0.025273 0.042194
17 0.450919 0.653707 0.034141 0.030741
17 0.413453 0.656118 0.032811 0.030741
17 0.437396 0.687161 0.028377 0.034961
17 0.444490 0.724231 0.027490 0.047619
17 0.726483 0.858650 0.026603 0.042797
17 0.699215 0.840265 0.022613 0.044605
17 0.271348 0.516275 0.034141 0.030741
17 0.316351 0.506932 0.033697 0.030139
17 0.315686 0.445148 0.028820 0.037975
17 0.306375 0.476492 0.030594 0.030741
17 0.287088 0.414708 0.027490 0.040989
17 0.275338 0.440325 0.030594 0.027125
17 0.268244 0.469560 0.035027 0.028933