17 0.514719 0.427215 0.012147 0.022152
17 0.530015 0.423523 0.013946 0.023207
17 0.543736 0.446994 0.017095 0.020570
17 0.529565 0.464399 0.013046 0.021624
17 0.518768 0.466508 0.012147 0.023734
17 0.503697 0.466772 0.016196 0.017932
17 0.489077 0.447785 0.015746 0.018987
17 0.515619 0.494198 0.013946 0.021097
17 0.517869 0.527954 0.013946 0.022152
17 0.607169 0.601266 0.016196 0.025316
17 0.394378 0.468091 0.017995 0.019515
17 0.410798 0.485496 0.015746 0.020570
17 0.467482 0.590190 0.017545 0.016878
17 0.491101 0.587553 0.021594 0.016878
17 0.483678 0.604430 0.020244 0.016878
17 0.387387 0.481131 0.019310 0.016059
17 0.386055 0.518724 0.017545 0.017405
17 0.411923 0.515032 0.016196 0.015295
17 0.382398 0.496726 0.017871 0.013968
17 0.406722 0.500218 0.016878 0.013386