2 0.619050 0.556024 0.029581 0.030942
2 0.600699 0.520159 0.029033 0.027661
2 0.586456 0.484294 0.026842 0.030942
2 0.566188 0.447492 0.031224 0.026723
0 0.488950 0.402250 0.026842 0.020628
0 0.444305 0.427098 0.020816 0.017815
0 0.460465 0.457103 0.020268 0.018753
0 0.475803 0.488514 0.023555 0.016878
0 0.491689 0.518284 0.020268 0.016409
0 0.519900 0.692452 0.024103 0.017815
0 0.482651 0.703938 0.020816 0.019222
0 0.447592 0.720347 0.019720 0.021097
0 0.409247 0.729723 0.020816 0.022972
0 0.378023 0.741444 0.020816 0.020159
16 0.601247 0.665026 0.030128 0.028598