16 0.671669 0.791561 0.042025 0.054008
2 0.700611 0.594515 0.041232 0.046414
2 0.670480 0.527004 0.042818 0.051477
2 0.652243 0.459494 0.042818 0.053165
2 0.624094 0.394093 0.043611 0.050633
0 0.488503 0.470464 0.027753 0.031224
0 0.465508 0.411814 0.026167 0.032068
0 0.442116 0.354430 0.031717 0.037131
0 0.507533 0.309705 0.029338 0.035443
0 0.509515 0.522363 0.030131 0.030380
0 0.553919 0.842194 0.030131 0.037131
0 0.498018 0.862447 0.034096 0.037131
0 0.448063 0.887764 0.034096 0.040506
0 0.393351 0.910127 0.038854 0.037975
0 0.344982 0.927004 0.027753 0.034599
0 0.345775 0.678903 0.027753 0.031224
0 0.324366 0.615190 0.027753 0.028692
0 0.301371 0.561603 0.027753 0.032911
0 0.279565 0.504219 0.026960 0.036287
0 0.178863 0.489451 0.044404 0.042194
0 0.198290 0.535021 0.045197 0.043882
0 0.219303 0.582700 0.047576 0.049789
0 0.280755 0.765401 0.042025 0.060759