0 0.436362 0.529837 0.017604 0.020494
0 0.390811 0.459313 0.017164 0.024111
0 0.319074 0.691983 0.022445 0.028933
0 0.270442 0.771851 0.019365 0.025919
0 0.273743 0.619048 0.019805 0.021700
0 0.222471 0.703134 0.021125 0.028330
0 0.408635 0.372815 0.017604 0.023508
0 0.484113 0.387583 0.021565 0.021700
0 0.706365 0.302291 0.018044 0.025919
0 0.746635 0.633213 0.016724 0.023508
0 0.757417 0.647981 0.018924 0.021700
0 0.155355 0.828511 0.017164 0.024714
7 0.511619 0.291441 0.031687 0.042797
7 0.635069 0.301688 0.035648 0.047619
7 0.694042 0.499699 0.032128 0.044605
7 0.797027 0.421037 0.033008 0.046414
7 0.628027 0.779988 0.032128 0.045811