7 0.712259 0.170886 0.045187 0.066667
7 0.527350 0.160759 0.051133 0.068354
7 0.798769 0.472152 0.048160 0.063291
7 0.949788 0.355274 0.052916 0.065823
7 0.700963 0.900844 0.052322 0.064979
0 0.813633 0.173840 0.021999 0.028692
0 0.378412 0.284810 0.025566 0.032911
0 0.487811 0.306751 0.026755 0.036287
0 0.419437 0.523629 0.025566 0.034599
0 0.351062 0.416034 0.023188 0.033755
0 0.244932 0.767089 0.029728 0.038819
0 0.178935 0.656962 0.022593 0.026160
0 0.101047 0.784388 0.026161 0.034599
0 0.174773 0.889873 0.024972 0.031224
0 0.875467 0.681435 0.019621 0.029536
0 0.890926 0.706751 0.024377 0.036287