17 0.496568 0.258439 0.015208 0.013361
17 0.496281 0.200070 0.016930 0.015471
17 0.510628 0.120605 0.012912 0.014768
17 0.501733 0.072082 0.013486 0.016174
17 0.467013 0.076301 0.015782 0.016878
17 0.428563 0.128516 0.015208 0.015120
17 0.434158 0.171765 0.012052 0.020745
17 0.449079 0.172293 0.014921 0.022504
17 0.501446 0.278129 0.018077 0.016174
17 0.505607 0.303622 0.017217 0.013713
17 0.508763 0.323488 0.017791 0.014065
17 0.610485 0.635021 0.016930 0.014768
17 0.610628 0.654887 0.015495 0.015120
17 0.649079 0.661744 0.017217 0.011955
17 0.612924 0.672293 0.015495 0.012658
17 0.614215 0.687940 0.017504 0.012307
17 0.615506 0.717124 0.017217 0.017229
17 0.624115 0.749824 0.013773 0.019339
17 0.650944 0.748242 0.015782 0.019691
17 0.640470 0.791139 0.012052 0.019691
17 0.660413 0.791842 0.015208 0.014768
19 0.631432 0.821378 0.014060 0.017581
19 0.679495 0.883966 0.014921 0.019691
19 0.610054 0.971167 0.014347 0.021097