17 0.436942 0.301266 0.026580 0.028692
17 0.495193 0.348945 0.026580 0.026160
17 0.439487 0.336287 0.027146 0.022785
17 0.442032 0.367932 0.028843 0.023629
17 0.444294 0.395781 0.031105 0.028692
17 0.445143 0.448101 0.029408 0.030380
17 0.458998 0.510127 0.019794 0.034599
17 0.500566 0.505063 0.023753 0.034599
17 0.483317 0.585232 0.017532 0.037975
17 0.511028 0.586498 0.025449 0.025316
19 0.470875 0.640084 0.019794 0.031224
19 0.541850 0.754852 0.022622 0.037975
19 0.436659 0.913080 0.018097 0.040506