22 0.619541 0.391561 0.031231 0.038819
22 0.604464 0.422363 0.031231 0.036287
22 0.589925 0.450633 0.026924 0.040506
22 0.575655 0.478059 0.028539 0.036287
22 0.547655 0.533755 0.025308 0.034599
22 0.532847 0.559072 0.028001 0.036287
22 0.517500 0.586920 0.026385 0.036287
22 0.501885 0.613502 0.028539 0.033755
22 0.487346 0.638819 0.027462 0.037131
22 0.471730 0.670464 0.027462 0.036287
22 0.455845 0.698734 0.025847 0.040506
22 0.440230 0.725738 0.026924 0.040506
22 0.426229 0.753165 0.026924 0.037975