22 0.577724 0.357575 0.027244 0.038803
22 0.562500 0.387559 0.025641 0.035276
22 0.547810 0.415780 0.025107 0.035276
22 0.534188 0.439150 0.024573 0.036157
22 0.509882 0.492063 0.024038 0.037921
22 0.496261 0.518079 0.023504 0.035276
22 0.482906 0.544976 0.023504 0.036157
22 0.469653 0.571347 0.024776 0.037749
22 0.455726 0.598013 0.023631 0.038169
22 0.441774 0.626110 0.023504 0.032630
22 0.427083 0.653069 0.021902 0.038925
22 0.414008 0.681268 0.025666 0.037119
22 0.400641 0.706803 0.023504 0.035276