22 0.680864 0.288150 0.010816 0.015120
22 0.674892 0.300633 0.011492 0.016174
22 0.668696 0.312412 0.011267 0.014416
22 0.663062 0.321906 0.012168 0.013713
22 0.651795 0.343003 0.012168 0.017229
22 0.646500 0.354606 0.010591 0.015120
22 0.640303 0.364451 0.011267 0.012307
22 0.634895 0.376055 0.011717 0.012307
22 0.628811 0.386076 0.011717 0.014065
22 0.623065 0.397504 0.012394 0.013010
22 0.616530 0.408052 0.012394 0.014416
22 0.611460 0.418952 0.013520 0.014416
22 0.605038 0.429677 0.012844 0.016878
22 0.508369 0.602321 0.013295 0.016878
22 0.500144 0.618671 0.012168 0.013713
22 0.492145 0.634669 0.012844 0.015471
22 0.484596 0.649965 0.012168 0.017229
22 0.476822 0.664030 0.012394 0.016526
22 0.468034 0.678973 0.011041 0.015471
22 0.461161 0.692862 0.011267 0.016526
22 0.452823 0.706927 0.010816 0.015823
22 0.444711 0.721519 0.012168 0.016174
22 0.436374 0.736639 0.012168 0.017581
22 0.429050 0.750703 0.011943 0.016878
22 0.421614 0.766702 0.010591 0.016526