2 0.568109 0.302149 0.014423 0.021461
2 0.565304 0.267812 0.013088 0.023177
2 0.561432 0.236694 0.012286 0.025323
2 0.557292 0.202572 0.010417 0.024036
2 0.554087 0.170810 0.013088 0.024036
2 0.551416 0.135615 0.012019 0.025753
2 0.547409 0.102780 0.013622 0.027040
2 0.543002 0.072521 0.013889 0.025753
2 0.662794 0.204074 0.013088 0.024465
16 0.604834 0.259228 0.013622 0.024894
15 0.684428 0.119949 0.021100 0.035625
15 0.358841 0.807975 0.022169 0.032191
2 0.400374 0.755826 0.012286 0.024036
15 0.330395 0.911415 0.021368 0.024465
0 0.434696 0.161582 0.015759 0.027899
0 0.385283 0.089260 0.017895 0.032620
4 0.346421 0.869782 0.016560 0.029616
4 0.299145 0.883234 0.018315 0.031271
4 0.245726 0.934433 0.019841 0.028205
4 0.278922 0.804136 0.018315 0.030045
4 0.260226 0.733316 0.019841 0.029432
4 0.240766 0.659737 0.018315 0.031884
4 0.186966 0.719520 0.016789 0.028819
4 0.208906 0.803523 0.017170 0.027592
0 0.301816 0.316368 0.016789 0.024526
0 0.271673 0.230832 0.017552 0.026366
4 0.027778 0.038960 0.016667 0.027126