2 0.646100 0.545734 0.025107 0.045281
2 0.639690 0.476907 0.029380 0.050715
2 0.632479 0.409890 0.023504 0.048904
2 0.625000 0.343327 0.024573 0.047998
2 0.619124 0.277216 0.027778 0.044376
2 0.612179 0.208388 0.027778 0.055243
2 0.605769 0.141372 0.029915 0.051621
2 0.597756 0.077526 0.025641 0.054338
2 0.827457 0.345138 0.026709 0.051621
0 0.387286 0.262726 0.030983 0.062488
0 0.294071 0.114656 0.033654 0.061583
0 0.072917 0.404909 0.035791 0.055243
0 0.133547 0.576978 0.032051 0.051621
15 0.869124 0.176692 0.038462 0.073356
16 0.715812 0.460152 0.029915 0.049809