12 0.137019 0.497420 0.020833 0.038699
12 0.073451 0.394223 0.022970 0.045579
12 0.247062 0.434212 0.025107 0.042999
12 0.056090 0.243297 0.023504 0.036119
13 0.189637 0.110431 0.029915 0.052459
13 0.224359 0.085921 0.029915 0.046439
13 0.405716 0.461301 0.029380 0.043859
13 0.444177 0.463881 0.032585 0.038699
13 0.427885 0.510320 0.032051 0.047299
13 0.381143 0.700805 0.032585 0.046439
13 0.296474 0.641896 0.026709 0.052459
13 0.267094 0.666406 0.030983 0.049879
13 0.239583 0.583848 0.028312 0.042999
13 0.390759 0.748533 0.032585 0.049019
13 0.560363 0.715854 0.030983 0.049019
13 0.611912 0.708114 0.034722 0.042139
13 0.600427 0.752833 0.029915 0.043859
13 0.720085 0.852160 0.032051 0.051599
13 0.749733 0.874950 0.032585 0.049019
13 0.810096 0.920959 0.031517 0.055039