19 0.695780 0.519087 0.024038 0.039082
19 0.724092 0.470916 0.029380 0.037264
19 0.710737 0.495910 0.026175 0.034538
19 0.577457 0.658601 0.028846 0.034538
19 0.563301 0.796753 0.026175 0.036356
19 0.526709 0.734494 0.021368 0.044536
19 0.496528 0.774030 0.018697 0.045444
19 0.478632 0.793571 0.017094 0.040900
19 0.463942 0.814930 0.019765 0.041809
19 0.446848 0.836289 0.021902 0.044536
19 0.484509 0.671780 0.016026 0.044536
19 0.473291 0.645877 0.021368 0.041809
19 0.456998 0.610430 0.021902 0.038173
19 0.455128 0.375937 0.026709 0.034538
19 0.438835 0.340944 0.026175 0.037264
19 0.426282 0.539082 0.020299 0.033629
19 0.440972 0.570893 0.022970 0.042718
19 0.383013 0.465917 0.016026 0.045444
19 0.356303 0.275959 0.017094 0.041809
19 0.376335 0.286411 0.015491 0.051807
19 0.438301 0.204611 0.019765 0.042718
16 0.481838 0.150532 0.023504 0.036356
16 0.453526 0.161893 0.030983 0.031811
16 0.608173 0.155531 0.016560 0.024540
16 0.625000 0.143261 0.014957 0.021813
16 0.634882 0.161893 0.017628 0.024540
16 0.617521 0.170073 0.011752 0.031811
16 0.581197 0.047827 0.039530 0.074529