16 0.503594 0.377328 0.022824 0.022798
16 0.573402 0.375877 0.017725 0.018239
16 0.640661 0.277015 0.017725 0.025286
16 0.754419 0.431008 0.017968 0.026529
15 0.556041 0.325721 0.016026 0.031503
19 0.492546 0.456915 0.008984 0.016166
19 0.464099 0.431530 0.008658 0.021698
19 0.456362 0.427285 0.008289 0.022012
19 0.492558 0.397097 0.010315 0.018239
19 0.500111 0.473039 0.011789 0.016038
19 0.467507 0.513447 0.009210 0.021383
19 0.487216 0.543007 0.010315 0.020126
19 0.491729 0.559673 0.009394 0.018868
19 0.500018 0.577126 0.010500 0.017924
19 0.507110 0.593478 0.008473 0.016038
19 0.513742 0.605585 0.010315 0.016981
19 0.531057 0.632314 0.008842 0.018868
19 0.553806 0.599924 0.009394 0.014465
19 0.517794 0.651968 0.007737 0.017295
19 0.510150 0.659043 0.007552 0.018868
19 0.503426 0.668320 0.009947 0.018553
19 0.495229 0.678697 0.008658 0.017924
19 0.547727 0.660144 0.009763 0.016666
19 0.605751 0.537661 0.012342 0.018239
19 0.613672 0.525869 0.009763 0.017295
19 0.618645 0.516278 0.011973 0.015094
19 0.497779 0.838639 0.011527 0.016799