19 0.387019 0.421247 0.017628 0.034202
19 0.401709 0.447348 0.020299 0.032401
19 0.338942 0.525201 0.019765 0.035102
19 0.377671 0.585054 0.020299 0.034202
19 0.387286 0.610705 0.018162 0.036902
19 0.400641 0.647156 0.021368 0.034202
19 0.415331 0.672358 0.018697 0.034202
19 0.426549 0.697559 0.019765 0.032401
19 0.393964 0.834815 0.018697 0.040502
19 0.407853 0.817714 0.018697 0.036902
19 0.419872 0.798813 0.016026 0.036902
19 0.433226 0.783512 0.017094 0.035102
19 0.460203 0.749311 0.016560 0.033301
19 0.494658 0.798363 0.023504 0.030601
19 0.503205 0.687658 0.019231 0.028801
19 0.603900 0.569753 0.020833 0.028801
19 0.614850 0.549952 0.020299 0.030601
19 0.624199 0.532401 0.025107 0.027901
19 0.387019 0.307392 0.016560 0.035102
19 0.316774 0.365444 0.013889 0.034202
19 0.333868 0.372644 0.016026 0.043202
15 0.508280 0.171486 0.033654 0.069303
16 0.398504 0.269590 0.021368 0.031501
16 0.421741 0.259689 0.022970 0.027901
16 0.425214 0.283090 0.012821 0.020701
16 0.410524 0.285791 0.011218 0.026101
16 0.529915 0.260139 0.012821 0.027001
16 0.543803 0.253389 0.010684 0.018901
16 0.551549 0.269590 0.012286 0.026101
16 0.538996 0.274990 0.012821 0.022501