13 0.501068 0.554170 0.027778 0.053707
13 0.528846 0.877339 0.034188 0.055559
13 0.505075 0.788908 0.029380 0.060189
13 0.424947 0.732886 0.031517 0.055559
13 0.423878 0.620841 0.029380 0.057411
13 0.409722 0.471294 0.027778 0.054633
13 0.465545 0.364806 0.027244 0.050929
13 0.381944 0.375455 0.027778 0.050003
13 0.434028 0.253688 0.026175 0.056485
13 0.400374 0.159237 0.029380 0.049077
13 0.351496 0.268966 0.029915 0.051855
13 0.318910 0.175442 0.032051 0.050003
13 0.370994 0.059230 0.026175 0.050929
13 0.291400 0.087010 0.028312 0.047225