12 0.596154 0.848085 0.027778 0.030385
12 0.583333 0.816359 0.023504 0.033066
12 0.573451 0.794911 0.027244 0.025916
12 0.564103 0.767654 0.025641 0.030385
12 0.552083 0.749781 0.022970 0.030385
12 0.542201 0.726220 0.023898 0.031043
12 0.534329 0.707641 0.020524 0.029632
12 0.461144 0.534644 0.023458 0.027199
12 0.472176 0.555820 0.022761 0.030696
12 0.480885 0.576608 0.023922 0.030307
12 0.487969 0.597007 0.023226 0.028364
12 0.495285 0.614880 0.024851 0.029919
12 0.503066 0.633142 0.024155 0.033804
12 0.509453 0.651016 0.023922 0.029919
12 0.517349 0.668112 0.022529 0.031473
12 0.525014 0.687345 0.025316 0.029530
2 0.244681 0.065467 0.015561 0.032250
2 0.257920 0.096940 0.015097 0.026810
2 0.276268 0.135212 0.016026 0.027199
2 0.299145 0.187667 0.014400 0.024090
2 0.179882 0.186501 0.018813 0.022536
4 0.201830 0.167657 0.022761 0.031473