12 0.302885 0.149977 0.054487 0.076513
12 0.325588 0.198786 0.059295 0.068598
12 0.350427 0.246717 0.053419 0.069477
12 0.368323 0.296846 0.059295 0.083548
12 0.390759 0.341698 0.063568 0.081789
12 0.408387 0.387430 0.058226 0.076513
12 0.424412 0.439757 0.059295 0.073874
12 0.448718 0.473177 0.056624 0.079151
12 0.467949 0.527703 0.054487 0.068598
12 0.487714 0.574314 0.055556 0.068598
12 0.508280 0.626202 0.051816 0.065080
12 0.529113 0.684686 0.056090 0.069477
12 0.555556 0.731297 0.058761 0.065959
12 0.583600 0.792419 0.065705 0.058044
12 0.613515 0.850023 0.067842 0.088825
12 0.642895 0.924777 0.069979 0.062441