2 0.453431 0.625276 0.019482 0.036502
2 0.356178 0.673416 0.020425 0.035443
0 0.524761 0.670242 0.015711 0.025921
0 0.549428 0.639295 0.017283 0.028566
0 0.578966 0.606232 0.017911 0.038618
0 0.445104 0.772869 0.016654 0.030153
0 0.317056 0.726846 0.018225 0.022747
0 0.295217 0.673416 0.017911 0.025921
0 0.333082 0.629773 0.021368 0.031740
0 0.316899 0.598032 0.019796 0.023276
5 0.282020 0.783185 0.012883 0.024334
5 0.293175 0.803552 0.011941 0.024863
5 0.257824 0.813074 0.010998 0.026979
16 0.247298 0.703569 0.018854 0.029095