2 0.511752 0.785860 0.035256 0.055357
2 0.477564 0.852107 0.032051 0.049912
4 0.434028 0.903834 0.045406 0.068062
0 0.552083 0.713714 0.026175 0.047190
0 0.625801 0.578952 0.026175 0.049912
0 0.598558 0.414242 0.020833 0.032670
0 0.557692 0.460070 0.032051 0.046282
0 0.521635 0.531762 0.026175 0.039022
0 0.267628 0.416964 0.030983 0.041745
0 0.266560 0.348449 0.025641 0.037207
0 0.290865 0.189184 0.029380 0.036300
0 0.278579 0.709631 0.015491 0.055357
0 0.279113 0.785406 0.019765 0.043560
0 0.310363 0.589842 0.028846 0.039022