0 0.422810 0.853440 0.016560 0.030926
0 0.431891 0.792030 0.010150 0.022974
0 0.442041 0.743873 0.014423 0.015021
0 0.444177 0.717807 0.016560 0.021206
0 0.448317 0.695857 0.015224 0.020927
0 0.454594 0.673023 0.017094 0.030042
0 0.486912 0.478190 0.012286 0.025624
0 0.473691 0.553516 0.015759 0.021648
0 0.469418 0.570526 0.014690 0.019439
0 0.456197 0.644306 0.014957 0.021206
0 0.509749 0.383203 0.020566 0.025624
0 0.525107 0.290646 0.016560 0.036669
0 0.534589 0.226143 0.017361 0.038437
0 0.544605 0.166058 0.020299 0.037553