6 0.667201 0.674200 0.029915 0.055245
2 0.622445 0.601898 0.015329 0.024020
2 0.583078 0.598218 0.012310 0.019758
2 0.570652 0.621075 0.013935 0.019758
2 0.558459 0.641802 0.010916 0.021695
2 0.546846 0.663109 0.013239 0.022470
2 0.534536 0.687129 0.013703 0.020145
2 0.521182 0.711148 0.012077 0.020920
15 0.488318 0.766161 0.021135 0.028669
15 0.478795 0.791343 0.016490 0.027119
15 0.423286 0.780495 0.021600 0.028669
15 0.435944 0.759769 0.019045 0.029056
15 0.459053 0.717734 0.018348 0.030993
15 0.545220 0.484900 0.022064 0.034867
15 0.531633 0.460105 0.017651 0.030993
15 0.517117 0.438991 0.019277 0.030606
15 0.488550 0.394632 0.018348 0.033317
15 0.474382 0.374681 0.018348 0.030606
15 0.461492 0.353567 0.018580 0.031768
15 0.446860 0.332647 0.018116 0.032543
15 0.431299 0.311145 0.021368 0.031380
15 0.419105 0.289644 0.018348 0.027894
15 0.406099 0.268917 0.018348 0.029056
15 0.392977 0.251096 0.018580 0.028281
15 0.379506 0.229014 0.017651 0.028281
15 0.366267 0.208481 0.018580 0.029831
15 0.353145 0.189110 0.018348 0.029831
15 0.338629 0.170708 0.021368 0.034092
15 0.312268 0.128674 0.019277 0.029831