22 0.396902 0.418444 0.012821 0.020654
22 0.391806 0.406614 0.010273 0.021537
22 0.385437 0.398494 0.011095 0.020124
22 0.378041 0.384901 0.011917 0.019065
22 0.373726 0.376428 0.010273 0.020477
22 0.368898 0.369719 0.010889 0.020477
22 0.364172 0.362305 0.011300 0.020477
22 0.357084 0.347830 0.011917 0.019065
20 0.322567 0.290281 0.011506 0.019065
20 0.330683 0.302462 0.010478 0.018712
20 0.338901 0.320468 0.010889 0.020124
20 0.349893 0.336885 0.010273 0.016947
22 0.490939 0.463456 0.010889 0.017300
22 0.503678 0.484287 0.010889 0.018712
22 0.523710 0.517651 0.010273 0.020477
22 0.564082 0.582790 0.010067 0.020124
22 0.584730 0.617743 0.010684 0.020124
15 0.698372 0.949373 0.021053 0.034558
15 0.727281 0.990076 0.019168 0.019848