20 0.372596 0.316621 0.028312 0.055326
20 0.394765 0.352315 0.030983 0.048187
20 0.416934 0.394256 0.027244 0.046403
20 0.446047 0.439766 0.029915 0.048187
22 0.569444 0.650362 0.027778 0.048187
22 0.554220 0.623145 0.030449 0.047295
22 0.539797 0.598159 0.026175 0.049080
22 0.822115 0.762799 0.028846 0.049972
22 0.856838 0.819910 0.033120 0.051757
22 0.907585 0.906468 0.027778 0.053541
22 0.518697 0.563804 0.026709 0.048187
22 0.507212 0.545064 0.026175 0.049972
22 0.496528 0.522309 0.031517 0.052649
22 0.484509 0.503123 0.032051 0.049972
22 0.463408 0.470106 0.030449 0.048187