15 0.150641 0.054172 0.068376 0.088098
15 0.185630 0.109344 0.058226 0.075640
15 0.223558 0.172080 0.051816 0.085428
15 0.258547 0.232147 0.054487 0.073860
15 0.294872 0.286874 0.052350 0.074750
15 0.328793 0.346496 0.055021 0.085428
15 0.365385 0.406563 0.052350 0.080979
15 0.395032 0.473304 0.059295 0.082759
15 0.438034 0.534705 0.053419 0.077419
15 0.478098 0.601891 0.052350 0.078309
15 0.511485 0.661958 0.058226 0.080979
15 0.553686 0.722469 0.053953 0.086318
15 0.630075 0.854171 0.049679 0.082759
15 0.669605 0.919577 0.052885 0.078309
15 0.712340 0.973859 0.048611 0.046274