4 0.612046 0.615816 0.021635 0.033176
4 0.634882 0.586179 0.018697 0.029637
4 0.650775 0.543714 0.018429 0.035830
4 0.656784 0.506115 0.018162 0.033176
4 0.663194 0.468074 0.022436 0.031406
2 0.480502 0.618691 0.016026 0.023002
2 0.500935 0.550570 0.014156 0.024771
2 0.489583 0.527569 0.013355 0.023002
2 0.458333 0.576005 0.013355 0.023444
15 0.542334 0.439322 0.023771 0.042907
15 0.412126 0.321880 0.019765 0.030964
16 0.585203 0.513414 0.019765 0.035387
16 0.631677 0.479354 0.018697 0.045119
0 0.407318 0.408137 0.013355 0.022117
0 0.390892 0.382923 0.012553 0.019463
6 0.500801 0.349527 0.028312 0.045561
16 0.092889 0.399421 0.027896 0.032438
16 0.103870 0.468967 0.021961 0.044726
16 0.163521 0.468721 0.014245 0.025557
16 0.045109 0.459383 0.022555 0.037353
16 0.015729 0.472653 0.023148 0.040302
0 0.224656 0.474865 0.011277 0.019168
0 0.136218 0.474619 0.014245 0.019660
0 0.076419 0.462578 0.011574 0.021134