0 0.286592 0.337920 0.029380 0.039856
0 0.257479 0.292750 0.026709 0.034542
6 0.471688 0.226766 0.059829 0.081483
2 0.446848 0.574840 0.028312 0.049598
2 0.471955 0.618682 0.026175 0.045170
2 0.386218 0.666509 0.027778 0.046941
2 0.433494 0.747992 0.028312 0.046941
4 0.788996 0.453944 0.039530 0.066426
4 0.777244 0.530113 0.038462 0.064655
4 0.762286 0.606725 0.044872 0.070855
4 0.732906 0.687322 0.036325 0.058455
4 0.689904 0.744449 0.041132 0.057570
15 0.726763 0.480515 0.033654 0.087683
15 0.637821 0.542956 0.034188 0.060227
15 0.552350 0.401689 0.044872 0.078826
15 0.298077 0.170525 0.041667 0.059341