17 0.584135 0.894151 0.010150 0.020464
17 0.644765 0.859164 0.011752 0.016608
17 0.659900 0.864206 0.013533 0.012456
17 0.654915 0.879628 0.013533 0.016015
17 0.633547 0.973643 0.009972 0.020167
17 0.637821 0.797476 0.012108 0.016608
17 0.571581 0.817940 0.010684 0.018388
17 0.437322 0.960890 0.012821 0.016015
17 0.429309 0.973050 0.012464 0.018981
17 0.674858 0.564367 0.013533 0.015422
17 0.709580 0.522253 0.012464 0.015422
17 0.735755 0.480732 0.012108 0.020167
17 0.674858 0.434170 0.011396 0.019574
17 0.681624 0.421120 0.009259 0.020760
17 0.636752 0.501492 0.011396 0.020167
17 0.627315 0.515432 0.010328 0.017201
0 0.380366 0.069345 0.011412 0.018603
0 0.407561 0.011715 0.010927 0.018199