6 0.816907 0.844732 0.021635 0.045130
6 0.793670 0.821273 0.022703 0.047364
6 0.768964 0.798262 0.020833 0.043343
6 0.746394 0.773016 0.025374 0.044683
6 0.719418 0.746876 0.022703 0.046024
6 0.687634 0.715821 0.022703 0.042896
6 0.657853 0.684990 0.021902 0.050045
6 0.632345 0.658850 0.022703 0.048705
6 0.606571 0.632487 0.021368 0.042449
6 0.580128 0.605007 0.022436 0.047364
6 0.554621 0.581995 0.024306 0.044236
6 0.528312 0.557196 0.023504 0.042896
6 0.502404 0.531280 0.022970 0.043789
6 0.467147 0.499779 0.022970 0.037087
6 0.443510 0.471852 0.023771 0.040215
6 0.420272 0.447723 0.026976 0.044683
6 0.393563 0.419349 0.023771 0.046917
6 0.368323 0.393209 0.021902 0.050939
6 0.343349 0.367963 0.022703 0.047811
6 0.318643 0.347186 0.024038 0.048258
6 0.295406 0.318812 0.022970 0.045130
6 0.220753 0.247766 0.024306 0.041555
6 0.197115 0.222520 0.023504 0.043789
6 0.173611 0.198838 0.025641 0.043789
6 0.150107 0.176273 0.024038 0.044236
6 0.124065 0.147899 0.022703 0.044683
6 0.099092 0.126675 0.022970 0.044236
2 0.242121 0.279044 0.012019 0.024576
4 0.271501 0.279267 0.016293 0.033065
4 0.269765 0.304960 0.017094 0.030831
19 0.071795 0.114387 0.007692 0.019303
19 0.063355 0.105808 0.007906 0.017873
19 0.056517 0.097586 0.007051 0.019303
19 0.048932 0.088828 0.008120 0.019661
19 0.037821 0.090080 0.008120 0.017873
19 0.029487 0.080964 0.008547 0.018231
19 0.020406 0.072743 0.009188 0.019661