4 0.628739 0.582260 0.035256 0.060472
4 0.626068 0.636507 0.041667 0.058694
19 0.188835 0.214091 0.018697 0.037350
19 0.170406 0.194971 0.018162 0.038240
19 0.154647 0.180298 0.017628 0.039129
19 0.136485 0.160289 0.016560 0.038240
19 0.112714 0.160733 0.016026 0.039129
19 0.095085 0.143392 0.016026 0.041797
19 0.073985 0.124717 0.017628 0.045354
6 0.246528 0.244327 0.050748 0.094265
6 0.304487 0.292794 0.050214 0.100491
6 0.360043 0.350598 0.049145 0.093376
6 0.409722 0.400843 0.049145 0.092487
6 0.467147 0.456869 0.048611 0.092487
6 0.516026 0.506225 0.049145 0.100491
6 0.679220 0.673413 0.048611 0.096933
6 0.732906 0.736553 0.049145 0.098712
6 0.788194 0.779239 0.049679 0.105826
6 0.844284 0.837933 0.049679 0.093376
6 0.898771 0.893069 0.048611 0.093376
6 0.952991 0.947761 0.042735 0.101380