6 0.028312 0.058301 0.052350 0.091782
6 0.079327 0.112576 0.051816 0.094429
6 0.157051 0.188472 0.048077 0.092664
6 0.211806 0.244512 0.045406 0.095312
6 0.268964 0.295698 0.047543 0.090017
6 0.323985 0.356150 0.048611 0.097959
6 0.383013 0.411307 0.050214 0.091782
6 0.438034 0.468671 0.049145 0.104137
6 0.496795 0.526034 0.048077 0.105902
6 0.558494 0.588693 0.052885 0.093547
6 0.628205 0.654440 0.045940 0.099724
6 0.687767 0.716216 0.047543 0.099724
6 0.741720 0.770491 0.047543 0.109432
6 0.792468 0.817264 0.047543 0.095312
6 0.844284 0.871098 0.045406 0.098842