1 0.416132 0.266369 0.038462 0.065862
16 0.475093 0.786159 0.026709 0.035601
16 0.454728 0.793947 0.024706 0.034488
16 0.459903 0.826210 0.027711 0.040051
6 0.613982 0.387874 0.023371 0.038938
6 0.599292 0.431819 0.026709 0.036713
6 0.582766 0.481882 0.025708 0.041164
6 0.567074 0.529165 0.024372 0.044501
6 0.498464 0.276899 0.026042 0.047282
6 0.471922 0.254649 0.023037 0.045057
6 0.445880 0.235736 0.021701 0.043945
6 0.437533 0.299706 0.026376 0.047282
0 0.659388 0.718295 0.012687 0.022251
0 0.671908 0.676575 0.011018 0.022251
0 0.684762 0.639583 0.012019 0.018357
0 0.696948 0.601479 0.013021 0.018913
0 0.710637 0.562263 0.012353 0.022807
0 0.721989 0.528330 0.011018 0.020582
0 0.734842 0.491617 0.010016 0.027257
0 0.741854 0.408456 0.010684 0.021138
0 0.729501 0.443778 0.011351 0.022807
0 0.713308 0.481048 0.014356 0.023919
0 0.703292 0.520265 0.011685 0.024476
0 0.689770 0.558369 0.015358 0.027257
0 0.677417 0.595082 0.011351 0.026144
0 0.663395 0.636802 0.014022 0.026144
0 0.653713 0.668231 0.012687 0.028926
0 0.641026 0.705223 0.010684 0.025032
0 0.627671 0.744995 0.011351 0.026701
0 0.613148 0.785881 0.011018 0.021694
0 0.597122 0.830660 0.009682 0.015575
0 0.585604 0.866261 0.008681 0.018913
0 0.572249 0.906868 0.009348 0.023363
0 0.559228 0.949701 0.015358 0.025588
5 0.504474 0.557812 0.010016 0.017244
5 0.515887 0.568225 0.010090 0.014834
5 0.526769 0.580421 0.011277 0.016812
5 0.537947 0.588662 0.009497 0.014834
5 0.541508 0.610583 0.009497 0.013845
5 0.535177 0.628878 0.009497 0.012856
5 0.513018 0.618989 0.008705 0.016812
5 0.502928 0.608935 0.011079 0.019119
5 0.490958 0.599870 0.007716 0.017471