5 0.492788 0.836717 0.017628 0.028393
5 0.516293 0.858012 0.019765 0.031942
5 0.538996 0.881968 0.020299 0.030167
5 0.561699 0.901488 0.018697 0.030167
5 0.571047 0.945851 0.017094 0.031942
5 0.462874 0.920120 0.017628 0.033716
5 0.488248 0.940528 0.023504 0.040814
5 0.513088 0.963153 0.020833 0.029280
5 0.559028 0.981342 0.024038 0.037265
6 0.622863 0.773722 0.051282 0.086952
6 0.654647 0.679671 0.046474 0.078079
6 0.686165 0.581185 0.045406 0.078079
6 0.718216 0.483586 0.048611 0.083403
6 0.476763 0.258664 0.053953 0.084290
6 0.425481 0.210308 0.042201 0.085178
6 0.367788 0.167275 0.047543 0.094937
6 0.352831 0.301252 0.056090 0.082516
1 0.307959 0.231602 0.084936 0.129541