0 0.559028 0.475084 0.014423 0.036485
0 0.552885 0.403449 0.010684 0.040934
0 0.533654 0.402559 0.011752 0.039154
0 0.509882 0.438599 0.020833 0.029366
0 0.511752 0.469744 0.016026 0.031146
0 0.509882 0.406118 0.017628 0.033815
0 0.693376 0.321135 0.021368 0.029366
0 0.611378 0.320245 0.022970 0.034705
0 0.695513 0.391880 0.022436 0.030256
0 0.733707 0.365184 0.019765 0.030256
0 0.731571 0.426140 0.017628 0.029366
0 0.700053 0.466185 0.024038 0.029366
0 0.614850 0.444383 0.019231 0.030256
0 0.618056 0.504894 0.022436 0.030256
0 0.702724 0.512458 0.020833 0.022247
0 0.619124 0.564961 0.025641 0.031146
0 0.704327 0.568965 0.022970 0.028476
0 0.708333 0.630812 0.021368 0.032925
0 0.621528 0.627697 0.020833 0.028476
0 0.623665 0.684204 0.025107 0.034705
0 0.707799 0.693548 0.022436 0.030256
0 0.709135 0.767407 0.021902 0.028476
0 0.712874 0.825694 0.026175 0.031146
0 0.671474 0.871078 0.012821 0.034705
0 0.630609 0.807007 0.020833 0.027586
0 0.628472 0.750500 0.020833 0.030256
0 0.555021 0.737597 0.019231 0.034705
0 0.536859 0.737597 0.011752 0.029366
0 0.549412 0.827029 0.015491 0.035595
0 0.587340 0.814126 0.017628 0.032925
0 0.549679 0.913347 0.014957 0.040934
0 0.275641 0.689098 0.017094 0.032035
0 0.309829 0.687319 0.021368 0.039154
0 0.284455 0.549833 0.027244 0.029366
0 0.186966 0.592102 0.024573 0.030256
0 0.181891 0.531591 0.021902 0.032035
0 0.182692 0.469299 0.026709 0.026696
0 0.180288 0.415907 0.021902 0.032035
0 0.177083 0.353616 0.026175 0.035595
0 0.173344 0.289990 0.027244 0.036485
0 0.277511 0.310012 0.026175 0.032035
0 0.276442 0.367854 0.027244 0.028476
0 0.282051 0.423471 0.025641 0.036485
0 0.329060 0.413682 0.027778 0.031146
0 0.326656 0.354061 0.026175 0.034705
0 0.325588 0.297998 0.025107 0.034705
0 0.416400 0.260624 0.027244 0.041824
0 0.421741 0.323805 0.020833 0.038265
0 0.424947 0.378977 0.022970 0.029366
0 0.427083 0.440378 0.024038 0.029366
0 0.430288 0.498665 0.025107 0.039154
0 0.432959 0.560511 0.022970 0.036485
0 0.436432 0.617463 0.024573 0.038265
0 0.528846 0.564961 0.017094 0.040044
0 0.563568 0.559177 0.016026 0.040934
0 0.538194 0.480868 0.016560 0.040934
0 0.512821 0.329589 0.019231 0.033815
0 0.506410 0.260179 0.022436 0.039154
0 0.547810 0.225474 0.018697 0.042714
0 0.542735 0.312681 0.022436 0.037375