0 0.501556 0.477149 0.006735 0.016271
0 0.490988 0.477537 0.005574 0.016271
0 0.481001 0.439377 0.007897 0.021308
0 0.477634 0.402960 0.006735 0.018983
0 0.496795 0.386302 0.009755 0.018208
0 0.495866 0.429885 0.008361 0.018596
0 0.530124 0.462234 0.011381 0.018983
0 0.530704 0.493227 0.011148 0.016659
0 0.531169 0.526350 0.008826 0.015496
0 0.533724 0.554050 0.011613 0.013559
0 0.535233 0.584655 0.011381 0.015884
0 0.536627 0.613711 0.010916 0.017433
0 0.537091 0.645866 0.010916 0.017433
0 0.538253 0.672404 0.011845 0.017046
0 0.578433 0.655164 0.011381 0.018983
0 0.579478 0.681895 0.009290 0.013559
0 0.559504 0.706883 0.009290 0.019370
0 0.576807 0.617198 0.009987 0.014334
0 0.577039 0.586980 0.009522 0.014334
0 0.575181 0.557537 0.009522 0.015884
0 0.573323 0.525575 0.011381 0.013947
0 0.572975 0.506011 0.011148 0.019758
0 0.570768 0.465721 0.009522 0.013559
0 0.568794 0.433566 0.011613 0.014334
0 0.588420 0.486060 0.007664 0.018596
0 0.589581 0.454873 0.010916 0.020533
0 0.504575 0.552500 0.007200 0.021308
0 0.473105 0.553469 0.007432 0.017046
0 0.489014 0.552500 0.008593 0.017433
0 0.503414 0.509692 0.006271 0.020145
0 0.494240 0.511629 0.007432 0.019370
0 0.481350 0.505043 0.009522 0.017046
0 0.481001 0.491871 0.009290 0.012397
0 0.480305 0.476956 0.008826 0.016659
0 0.511079 0.485285 0.008593 0.017821
0 0.511079 0.500781 0.009058 0.013172
0 0.509685 0.467270 0.012310 0.015884
0 0.437337 0.461653 0.009755 0.014722
0 0.435828 0.436859 0.009987 0.021695
0 0.434550 0.403348 0.012077 0.015109
0 0.440008 0.520926 0.011381 0.017821
0 0.440705 0.554437 0.009987 0.013559
0 0.441866 0.582718 0.012774 0.016659
0 0.379970 0.612936 0.009755 0.019758
0 0.364990 0.616229 0.009522 0.017821
0 0.366383 0.545914 0.009058 0.014334
0 0.391815 0.546302 0.009290 0.017433
0 0.389841 0.483154 0.010452 0.010460
0 0.387983 0.454292 0.012774 0.010847
0 0.386822 0.423106 0.013703 0.014334
0 0.362783 0.427367 0.012542 0.016659
0 0.364409 0.452742 0.011148 0.016271
0 0.365803 0.483541 0.012542 0.015884
0 0.318423 0.509692 0.009755 0.014722
0 0.319119 0.538166 0.011148 0.015884
0 0.319584 0.567416 0.011148 0.019370
0 0.501092 0.640442 0.007664 0.018983
0 0.491801 0.640442 0.007664 0.018208
0 0.498188 0.681508 0.008361 0.019758
0 0.517117 0.679377 0.009058 0.018596
0 0.438150 0.708045 0.012310 0.019370
0 0.450228 0.740975 0.009987 0.023245
0 0.435596 0.744074 0.010916 0.021695
0 0.420847 0.744655 0.010684 0.021308