5 0.585304 0.574620 0.009026 0.019111
5 0.582725 0.556217 0.007552 0.015572
5 0.579410 0.539584 0.006447 0.015572
5 0.576463 0.522774 0.006816 0.015925
5 0.573147 0.506671 0.007184 0.017695
5 0.570108 0.487561 0.008473 0.016987
5 0.566147 0.469158 0.008289 0.018403
5 0.563384 0.451994 0.007921 0.015925
5 0.559516 0.435361 0.007184 0.022296
5 0.555924 0.413242 0.005894 0.015572
5 0.552332 0.393070 0.008289 0.016987
6 0.428456 0.695653 0.020631 0.043176
6 0.503058 0.760240 0.021368 0.037159
6 0.321342 0.717418 0.021552 0.043530
6 0.290764 0.231161 0.023025 0.042114