6 0.342415 0.728422 0.026709 0.055437
6 0.602564 0.752547 0.026709 0.048251
6 0.586271 0.644239 0.026175 0.043118
6 0.669338 0.383992 0.024573 0.050304
6 0.511485 0.408118 0.021902 0.043118
6 0.487714 0.510779 0.025641 0.047224
2 0.283231 0.509688 0.013577 0.022243
2 0.291021 0.475467 0.013132 0.022243
2 0.296586 0.448305 0.009571 0.016683
2 0.244502 0.507121 0.010461 0.023954
2 0.232928 0.492364 0.011351 0.020960
2 0.227475 0.471404 0.012910 0.021816
2 0.223580 0.502630 0.011351 0.022671
2 0.518830 0.276560 0.013800 0.027376
2 0.508146 0.260520 0.011574 0.024382
2 0.520611 0.239773 0.012464 0.021388
2 0.575588 0.202986 0.012464 0.022243