6 0.479701 0.751737 0.047009 0.084427
6 0.632746 0.893821 0.053953 0.090605
6 0.252671 0.805276 0.038462 0.092664
5 0.813301 0.499485 0.015491 0.037066
5 0.806090 0.461390 0.013889 0.039125
5 0.798463 0.426497 0.015729 0.037180
5 0.791785 0.393035 0.016619 0.030888
5 0.785850 0.354426 0.016619 0.034892
5 0.779321 0.314958 0.015432 0.032604
5 0.771160 0.277206 0.015729 0.034892
5 0.764928 0.238882 0.013948 0.032604
5 0.757360 0.198270 0.013651 0.033748
5 0.749199 0.158802 0.013948 0.030316
5 0.741334 0.117332 0.012464 0.030888