0 0.351396 0.189449 0.013021 0.022221
0 0.307492 0.185838 0.012687 0.016111
0 0.316673 0.222781 0.011018 0.015555
0 0.359408 0.235558 0.011685 0.019999
0 0.371595 0.278057 0.011351 0.020555
0 0.385951 0.312778 0.016026 0.021110
0 0.394131 0.361109 0.016360 0.027777
0 0.402811 0.399719 0.015692 0.021666
0 0.416500 0.441384 0.018363 0.023888
0 0.428519 0.482494 0.014356 0.024999
0 0.439704 0.524159 0.012687 0.019444
0 0.451723 0.563047 0.011351 0.021666
0 0.500801 0.656932 0.010016 0.022777
0 0.514657 0.679154 0.011018 0.022777
0 0.459903 0.681098 0.015024 0.017777
0 0.437533 0.655266 0.013689 0.020555