19 0.510150 0.524259 0.012464 0.012331
19 0.502548 0.533339 0.010273 0.014768
19 0.496898 0.544672 0.012944 0.011333
19 0.489193 0.554289 0.009862 0.014081
19 0.480872 0.563390 0.012533 0.013051
19 0.474092 0.575925 0.011300 0.010646
19 0.463922 0.587774 0.011506 0.013737
19 0.455806 0.597733 0.011300 0.013051
19 0.448923 0.608036 0.011917 0.013737
19 0.276134 0.807572 0.009040 0.015111
19 0.288153 0.805512 0.000616 0.000000
19 0.283941 0.797269 0.010684 0.019919
19 0.291543 0.786794 0.009451 0.017515
19 0.312397 0.757774 0.008835 0.018546
19 0.274799 0.861320 0.009656 0.018202
19 0.281784 0.852906 0.009656 0.017172
19 0.288667 0.842603 0.009451 0.017859
19 0.294933 0.833845 0.010067 0.015455
19 0.302330 0.824400 0.010067 0.014424
19 0.309213 0.814441 0.009451 0.016485
19 0.316815 0.805512 0.009451 0.015111
19 0.324519 0.795037 0.010067 0.014768
19 0.331197 0.785936 0.009862 0.013737
19 0.338079 0.776320 0.009246 0.017172
19 0.345887 0.767047 0.008835 0.017172
19 0.353078 0.756915 0.008835 0.015455
19 0.358728 0.743178 0.009862 0.017515
19 0.366946 0.735622 0.009451 0.018202
19 0.373623 0.724976 0.009656 0.017515
19 0.380814 0.716905 0.008424 0.015111
19 0.386978 0.707976 0.009656 0.017859
19 0.394272 0.697673 0.009040 0.015111
19 0.400744 0.688915 0.010478 0.014768
19 0.409373 0.677067 0.008013 0.016485
19 0.415537 0.668309 0.009656 0.016141
19 0.422317 0.658521 0.008835 0.017859
19 0.428686 0.648218 0.010889 0.017172
19 0.436082 0.638774 0.008424 0.018889
19 0.442965 0.630703 0.010684 0.018546
19 0.892299 0.133237 0.009862 0.014081
19 0.898771 0.114176 0.010067 0.013737
17 0.893429 0.049782 0.007602 0.016828
17 0.902161 0.051671 0.006986 0.014424