19 0.298077 0.860494 0.021368 0.037993
19 0.311699 0.842823 0.019765 0.046829
19 0.327991 0.827802 0.021368 0.039760
19 0.344284 0.805713 0.020833 0.030925
19 0.359509 0.781415 0.021368 0.040644
19 0.373932 0.761093 0.022436 0.037110
19 0.392094 0.739446 0.018162 0.039760
19 0.408921 0.716915 0.022970 0.038877
19 0.425481 0.694384 0.021902 0.041528
19 0.442041 0.673179 0.021902 0.036226
19 0.457532 0.655066 0.024038 0.037110
19 0.475427 0.631209 0.025641 0.037110
19 0.490385 0.603819 0.020299 0.037110
19 0.506677 0.583497 0.020833 0.038877
19 0.521100 0.560966 0.021902 0.050363
19 0.537126 0.545062 0.022970 0.036226
19 0.552618 0.518997 0.024038 0.038877
19 0.567842 0.495582 0.022436 0.036226
19 0.583066 0.477911 0.021902 0.041528
19 0.600160 0.451846 0.022970 0.040644
19 0.614850 0.428431 0.022436 0.043295
19 0.631944 0.409435 0.023504 0.037110
19 0.647169 0.386020 0.020833 0.041528
19 0.661592 0.366582 0.021902 0.043295
19 0.678152 0.348027 0.028312 0.039760
19 0.334936 0.700569 0.022436 0.041528
19 0.316774 0.720007 0.024573 0.043295
19 0.299412 0.745189 0.019765 0.045945
19 0.382746 0.635627 0.021902 0.045945
19 0.692308 0.298989 0.027778 0.028274
19 0.708066 0.272482 0.025107 0.035343
19 0.726229 0.256578 0.026175 0.031808
19 0.748397 0.224328 0.026709 0.032692
19 0.763622 0.196937 0.026175 0.032692
19 0.783654 0.176615 0.025641 0.034459
19 0.799412 0.152759 0.027244 0.034459
19 0.814370 0.131112 0.026175 0.037110
19 0.830662 0.107697 0.024573 0.034459