12 0.334669 0.915769 0.028312 0.033508
12 0.448451 0.436070 0.027244 0.037036
12 0.454861 0.406529 0.021902 0.030863
12 0.462607 0.371698 0.025641 0.033508
12 0.468483 0.340394 0.022436 0.029099
12 0.476229 0.309972 0.022970 0.037036
12 0.485310 0.273377 0.025107 0.034390
0 0.504274 0.205038 0.016026 0.029981
0 0.509348 0.181670 0.015491 0.030863
0 0.514156 0.154334 0.011218 0.022045
0 0.518429 0.132730 0.012286 0.021163
0 0.528579 0.067918 0.013355 0.022045
4 0.351763 0.870356 0.021902 0.037917