12 0.372329 0.641894 0.014957 0.039908
12 0.357906 0.633469 0.012821 0.039021
12 0.330662 0.618393 0.016026 0.040795
12 0.312500 0.588684 0.012821 0.036360
12 0.292735 0.597109 0.016026 0.040795
12 0.254006 0.573608 0.027244 0.034587
12 0.280449 0.533700 0.014957 0.038134
12 0.287126 0.494236 0.013355 0.039021
12 0.300748 0.499113 0.017094 0.041681
12 0.299679 0.547446 0.024573 0.028379
12 0.310630 0.510199 0.019765 0.037247
12 0.322382 0.523501 0.017628 0.042568
12 0.336538 0.521284 0.017094 0.039908
12 0.349626 0.531039 0.017628 0.041681
12 0.362981 0.538577 0.020833 0.037247
12 0.377938 0.545672 0.017628 0.040795
12 0.392094 0.555427 0.017094 0.037247
12 0.404915 0.562966 0.018162 0.036360
12 0.421741 0.575381 0.024038 0.039908
12 0.410256 0.633469 0.026709 0.030153
12 0.626870 0.480490 0.025107 0.027492
12 0.617560 0.515507 0.023275 0.029772
12 0.602869 0.594056 0.019841 0.031039
12 0.591613 0.633013 0.024802 0.027872
4 0.534570 0.891780 0.019841 0.034840
4 0.526748 0.926937 0.023275 0.034207
4 0.516255 0.966528 0.022131 0.031039