12 0.840011 0.359926 0.052885 0.060160
12 0.821581 0.438942 0.059829 0.063752
12 0.785256 0.612239 0.058761 0.063752
12 0.769231 0.696193 0.063034 0.066445
12 0.363515 0.695744 0.060363 0.061956
12 0.398504 0.561058 0.047009 0.078118
12 0.357906 0.539059 0.039530 0.091587
12 0.326923 0.521550 0.036325 0.105055
12 0.300748 0.502245 0.027778 0.096974
12 0.268162 0.478450 0.038462 0.108647
12 0.239049 0.468573 0.030449 0.106851
12 0.214476 0.447921 0.035791 0.094280
12 0.182425 0.461839 0.030449 0.087995
12 0.154915 0.429963 0.032051 0.072731
12 0.139156 0.401679 0.032585 0.079016
12 0.108173 0.390455 0.031517 0.087097
12 0.088675 0.474859 0.033120 0.083506
12 0.133814 0.502694 0.048611 0.052977
12 0.288194 0.711907 0.034722 0.085301
12 0.252137 0.692153 0.029915 0.094280
12 0.201122 0.657583 0.042201 0.084403
12 0.159188 0.600566 0.036325 0.079914
12 0.114850 0.603709 0.038462 0.087995
12 0.032051 0.555221 0.053419 0.057466