7 0.415064 0.359090 0.021368 0.039365
7 0.429854 0.404763 0.021034 0.036346
7 0.443209 0.444743 0.019030 0.029077
7 0.458233 0.481368 0.019030 0.031873
7 0.470586 0.518553 0.023705 0.029077
7 0.482439 0.557974 0.021368 0.030754
7 0.514824 0.630666 0.023371 0.037464
4 0.526008 0.663936 0.019698 0.031313
2 0.550381 0.731316 0.014356 0.028518
2 0.538028 0.688540 0.015024 0.026840
0 0.342882 0.536167 0.010016 0.018453
0 0.321347 0.497025 0.009014 0.018453
0 0.308661 0.475218 0.009014 0.020689
0 0.298644 0.455088 0.007679 0.016216
0 0.263255 0.465712 0.008347 0.019571
0 0.276442 0.486960 0.010684 0.017334
0 0.287460 0.506251 0.010684 0.021248
0 0.296808 0.529177 0.010684 0.019012
0 0.309328 0.547909 0.011685 0.018453
0 0.320179 0.569158 0.008681 0.019571
0 0.289964 0.634301 0.009682 0.022367