15 0.477831 0.797209 0.030449 0.035647
2 0.528345 0.904858 0.015692 0.030077
2 0.531517 0.872831 0.014690 0.026178
4 0.536191 0.828272 0.018029 0.036204
4 0.481604 0.755585 0.022369 0.036761
15 0.458400 0.358173 0.020700 0.028406
7 0.415498 0.439215 0.020366 0.034533
13 0.525174 0.502433 0.025374 0.044002
13 0.549713 0.567044 0.023705 0.045116
13 0.335036 0.521092 0.022369 0.041217
7 0.461906 0.549220 0.018363 0.038432
7 0.477431 0.582918 0.022035 0.037875
19 0.379240 0.337843 0.008614 0.018938
19 0.353733 0.290777 0.010350 0.017267
18 0.561899 0.726064 0.007345 0.018938
18 0.589109 0.737482 0.009014 0.017267
18 0.579260 0.733305 0.007345 0.018938
18 0.571748 0.727178 0.007679 0.020052
19 0.385450 0.276853 0.012353 0.017267
19 0.373932 0.253738 0.008013 0.015596
19 0.380776 0.264599 0.012353 0.017267
19 0.373932 0.322804 0.011351 0.017824
19 0.367254 0.312778 0.009348 0.017824
19 0.360577 0.301082 0.009348 0.012254
2 0.496795 0.621350 0.012019 0.030077
18 0.582710 0.677077 0.008013 0.016833
18 0.591762 0.681780 0.007123 0.017329
18 0.600665 0.686979 0.010090 0.014853
18 0.610458 0.691930 0.009497 0.013863
18 0.620103 0.695643 0.010387 0.016338
18 0.629303 0.699851 0.009200 0.014853
18 0.638355 0.704060 0.008903 0.014358