19 0.354434 0.333283 0.019765 0.035566
19 0.340812 0.306609 0.024573 0.033788
19 0.328526 0.282601 0.021368 0.037345
19 0.314370 0.253259 0.019765 0.033788
19 0.299412 0.230586 0.022970 0.034677
19 0.342682 0.155007 0.024038 0.038234
19 0.356036 0.179904 0.024038 0.031120
19 0.368056 0.201244 0.025641 0.036455
21 0.274038 0.172346 0.016026 0.028453
21 0.288462 0.200799 0.016026 0.026675
15 0.523771 0.373740 0.040064 0.056017
13 0.256677 0.728513 0.056090 0.089805
13 0.666400 0.676053 0.055021 0.086248
13 0.719818 0.820541 0.051816 0.087137
7 0.428419 0.549793 0.041667 0.073800
7 0.530182 0.784530 0.041132 0.072022
7 0.565972 0.852995 0.046474 0.064908
2 0.605502 0.937020 0.029380 0.053349