2 0.382746 0.570438 0.030449 0.057955
2 0.388889 0.500000 0.030983 0.052606
4 0.399840 0.406380 0.040064 0.075788
4 0.281517 0.248562 0.050214 0.070438
15 0.273237 0.337279 0.062500 0.073113
18 0.456998 0.184366 0.017628 0.034773
18 0.474893 0.194619 0.017094 0.033882
18 0.493590 0.204427 0.019231 0.032098
18 0.512821 0.214681 0.018162 0.031207
18 0.619925 0.139784 0.017628 0.032990
18 0.601763 0.130868 0.016560 0.036557
18 0.579594 0.121952 0.014957 0.036557
18 0.561966 0.112144 0.016026 0.040123
18 0.541934 0.099216 0.015491 0.037448
18 0.522970 0.088516 0.017094 0.046364
18 0.502404 0.081383 0.016560 0.039231