7 0.570780 0.749126 0.047543 0.071306
7 0.497863 0.590915 0.043803 0.077545
7 0.471955 0.508913 0.042201 0.070415
7 0.445246 0.425574 0.035791 0.076654
7 0.415865 0.341790 0.040064 0.078437
7 0.386752 0.262907 0.039530 0.082893
7 0.353632 0.163524 0.041667 0.078437
2 0.644231 0.962598 0.033120 0.050806
2 0.614049 0.871683 0.029380 0.049023
4 0.591613 0.815975 0.040064 0.064175
0 0.198184 0.544121 0.018162 0.039218
0 0.151175 0.461227 0.018162 0.032088
0 0.124733 0.417107 0.018697 0.040110
0 0.103098 0.369866 0.018162 0.032979
0 0.029380 0.398389 0.019231 0.036544
0 0.054487 0.442955 0.021368 0.031196
0 0.079327 0.486184 0.022970 0.035653
0 0.101229 0.532533 0.019765 0.030305
0 0.125801 0.571306 0.021902 0.032979
0 0.146902 0.616318 0.021368 0.032088