17 0.438301 0.666094 0.010684 0.016593
17 0.446181 0.653756 0.010951 0.018295
17 0.591880 0.321051 0.013355 0.019996
17 0.595219 0.308074 0.013088 0.014465
17 0.599493 0.297225 0.014156 0.017444
17 0.607105 0.275102 0.013355 0.021698
17 0.570913 0.313393 0.011485 0.016593
17 0.564370 0.339133 0.015491 0.018720
22 0.377270 0.769053 0.012553 0.019996
22 0.369124 0.782881 0.013355 0.017869
22 0.362046 0.793092 0.012553 0.021273
22 0.348024 0.816066 0.013889 0.020422
19 0.620726 0.230429 0.010684 0.018295