19 0.683612 0.545560 0.009793 0.022440
19 0.695483 0.552292 0.011574 0.021941
19 0.708838 0.558525 0.007419 0.020445
19 0.718335 0.567002 0.009200 0.019448
19 0.445157 0.567002 0.011277 0.019448
19 0.461924 0.579219 0.012761 0.018949
19 0.477208 0.484224 0.011277 0.021443
19 0.380164 0.359309 0.011871 0.021941
19 0.286384 0.308446 0.009497 0.023936
19 0.296326 0.312684 0.009200 0.023437
19 0.304784 0.316923 0.011277 0.022938
19 0.218720 0.272542 0.008903 0.020944
19 0.209520 0.267805 0.009497 0.018451
18 0.179398 0.257333 0.006826 0.016456
18 0.075321 0.237340 0.007479 0.019747
18 0.081624 0.239853 0.005556 0.016157
18 0.087927 0.238058 0.007479 0.018311
18 0.096368 0.245239 0.006838 0.015439
18 0.102671 0.249368 0.008333 0.015080
18 0.111432 0.253856 0.007051 0.014721
18 0.120620 0.258703 0.007051 0.013643
18 0.136004 0.266781 0.007051 0.017593
18 0.141880 0.267679 0.005556 0.015798
18 0.148504 0.271089 0.006410 0.015439
18 0.155769 0.276475 0.006838 0.014002
18 0.164530 0.281142 0.008974 0.013284
18 0.172543 0.254753 0.007051 0.015798
18 0.166346 0.251163 0.007051 0.015798
18 0.158226 0.247572 0.007051 0.018670
18 0.152030 0.243803 0.006624 0.016875
18 0.145620 0.239674 0.005342 0.017234
18 0.140385 0.237519 0.006838 0.015798
18 0.133440 0.233929 0.005769 0.016516
18 0.127457 0.230518 0.006197 0.016157
18 0.122009 0.227466 0.007265 0.015798
18 0.115705 0.227287 0.007479 0.021183
18 0.109936 0.222978 0.007479 0.018311
18 0.103098 0.219029 0.008333 0.014721