19 0.918803 0.770482 0.020299 0.040727
19 0.765491 0.689470 0.016026 0.043383
19 0.748665 0.676190 0.016560 0.048696
19 0.729434 0.670877 0.015491 0.043383
19 0.596421 0.601375 0.017628 0.046040
19 0.574252 0.593850 0.019231 0.041613
18 0.515491 0.570089 0.014022 0.025455
18 0.502304 0.565662 0.013689 0.032095
18 0.487947 0.557085 0.013689 0.030435
18 0.474259 0.546848 0.012353 0.027668
18 0.461572 0.541591 0.014356 0.034862
18 0.448384 0.535504 0.012687 0.034862
18 0.437200 0.529694 0.013689 0.033202
18 0.424513 0.523330 0.015024 0.034862
18 0.412827 0.520010 0.012353 0.038182
18 0.399639 0.513370 0.012687 0.037075
18 0.388956 0.508113 0.016693 0.038735
18 0.376603 0.502302 0.014690 0.031541
18 0.363749 0.495662 0.015024 0.029328
18 0.308327 0.530247 0.013689 0.033202
18 0.320179 0.533567 0.015358 0.032095
18 0.333367 0.531630 0.013021 0.030435
18 0.350394 0.546848 0.015024 0.028775
18 0.362747 0.550721 0.014356 0.034308
18 0.379941 0.562065 0.015358 0.027115
18 0.399806 0.570089 0.014356 0.030988
18 0.429854 0.589180 0.012353 0.029328
18 0.442041 0.594990 0.011351 0.030988
18 0.453559 0.603290 0.013021 0.025455
18 0.467581 0.605504 0.011685 0.030988
18 0.486278 0.612698 0.014356 0.023241