20 0.202190 0.258961 0.025107 0.050086
20 0.225694 0.270016 0.026042 0.046397
20 0.298811 0.315015 0.026709 0.046956
20 0.346221 0.343245 0.024706 0.044161
20 0.369925 0.353866 0.021368 0.045279
20 0.416834 0.326475 0.027043 0.032981
22 0.082799 0.189241 0.016026 0.048074
22 0.107338 0.201819 0.017695 0.043043
22 0.130709 0.214396 0.021701 0.049192
19 0.394131 0.366443 0.019030 0.045838
19 0.603466 0.491658 0.019030 0.043602
19 0.623164 0.503956 0.020366 0.042484
19 0.645199 0.514857 0.021701 0.045279
19 0.688602 0.540011 0.020366 0.047515
19 0.731671 0.565725 0.020366 0.043043
19 0.756043 0.578023 0.021701 0.041925
19 0.776743 0.589203 0.020366 0.047515
19 0.800614 0.603457 0.020032 0.044720
19 0.821147 0.609047 0.020366 0.041366
19 0.842515 0.629171 0.025708 0.042484