20 0.208052 0.138751 0.009559 0.017879
20 0.288602 0.321016 0.013214 0.016886
20 0.182046 0.231870 0.011527 0.016389
20 0.271733 0.411899 0.010965 0.017879
22 0.253739 0.173267 0.008153 0.022348
22 0.324027 0.519917 0.006466 0.021355
22 0.333586 0.525877 0.009278 0.022348
22 0.343848 0.529601 0.007310 0.019865
20 0.373510 0.550460 0.007591 0.020859
20 0.382366 0.553191 0.008997 0.018375
20 0.411606 0.572312 0.008435 0.021852
20 0.430162 0.585969 0.008435 0.022348
20 0.460105 0.578520 0.010965 0.013409
20 0.469945 0.607821 0.008716 0.021355
19 0.534750 0.648545 0.008435 0.018375
19 0.543466 0.652766 0.008997 0.019865
19 0.552041 0.659223 0.008153 0.020859
19 0.570457 0.670397 0.009559 0.017382
19 0.587888 0.680081 0.008435 0.019865
19 0.597447 0.686537 0.010121 0.019865
19 0.605460 0.691007 0.007591 0.019865
19 0.615300 0.695973 0.008153 0.021852
19 0.624157 0.699201 0.008435 0.020362
19 0.633435 0.708141 0.009559 0.018375