8 0.576122 0.737073 0.009081 0.026788
8 0.568910 0.721149 0.010998 0.024687
8 0.562626 0.706442 0.010998 0.020485
8 0.556027 0.693311 0.010998 0.023636
8 0.536073 0.642886 0.011941 0.021535
8 0.493653 0.673614 0.010684 0.019960
8 0.500094 0.689634 0.011626 0.018384
8 0.506850 0.705392 0.013826 0.018384
8 0.513135 0.720624 0.013826 0.019434
8 0.519576 0.737169 0.014140 0.018909
8 0.526332 0.752139 0.012569 0.018384
8 0.532774 0.767372 0.014140 0.018384
8 0.539687 0.783917 0.012883 0.018909
8 0.474642 0.625028 0.012883 0.019434
8 0.467415 0.610583 0.011626 0.017859
8 0.462858 0.592725 0.010055 0.021010
8 0.454217 0.580906 0.011626 0.017333
8 0.449189 0.565411 0.009741 0.019960
8 0.441334 0.549916 0.011626 0.020485
8 0.436934 0.532846 0.010370 0.019960
8 0.428764 0.519714 0.015397 0.025212
8 0.475899 0.495553 0.012883 0.019960
8 0.481869 0.512098 0.014769 0.019434
8 0.487682 0.525229 0.012569 0.017333
8 0.452489 0.437249 0.010684 0.023111
8 0.441176 0.414663 0.011312 0.018909
8 0.434263 0.398381 0.011312 0.019960
8 0.428607 0.381835 0.013198 0.019434
8 0.421851 0.365552 0.007856 0.019434
8 0.413996 0.351370 0.011626 0.019434
8 0.408811 0.331936 0.013198 0.018384
8 0.399698 0.315390 0.010684 0.018909
8 0.418552 0.490037 0.010055 0.018384
8 0.411482 0.473492 0.010998 0.018909
8 0.400013 0.446441 0.012569 0.020485
8 0.393728 0.429108 0.009427 0.015232
8 0.387129 0.413876 0.011941 0.021535
8 0.380688 0.397067 0.009741 0.016283
8 0.374089 0.383411 0.009741 0.019434
8 0.368118 0.366603 0.011626 0.021535
8 0.361362 0.351633 0.010684 0.019960
8 0.356492 0.334825 0.011626 0.019960
8 0.377545 0.260764 0.014140 0.017859
8 0.355078 0.201673 0.011312 0.020485
8 0.316899 0.196683 0.011626 0.019960
8 0.302288 0.208239 0.012569 0.013657
8 0.309358 0.221633 0.012255 0.017333
8 0.315328 0.235814 0.012255 0.016283
8 0.320356 0.251572 0.011626 0.018384
8 0.326483 0.266804 0.012569 0.018384
8 0.332453 0.285976 0.014454 0.018909
8 0.341566 0.299895 0.010684 0.017333
8 0.347851 0.313027 0.012569 0.018384