6 0.571848 0.367353 0.019765 0.047913
6 0.544872 0.368868 0.029762 0.040561
6 0.487637 0.370135 0.028999 0.041829
6 0.457494 0.372353 0.029762 0.039927
6 0.396444 0.375522 0.027473 0.039927
6 0.341880 0.374571 0.030525 0.039294
6 0.258509 0.381860 0.028617 0.039927
6 0.227984 0.381543 0.029380 0.040561
6 0.199367 0.382810 0.027091 0.038026
6 0.330624 0.512733 0.027091 0.035491
6 0.358097 0.511782 0.023275 0.029787
6 0.243437 0.651211 0.025946 0.038660
6 0.196123 0.710468 0.019841 0.040561
6 0.167888 0.711735 0.025946 0.038026
6 0.184676 0.517803 0.026709 0.031688
5 0.558608 0.706348 0.009921 0.012042
5 0.546016 0.708566 0.009158 0.012675
5 0.535142 0.707616 0.008776 0.013309
5 0.520452 0.708883 0.009158 0.012042
5 0.509196 0.708883 0.008776 0.010774
5 0.497940 0.710151 0.009158 0.014577
5 0.474664 0.710785 0.007631 0.014577
5 0.463217 0.710468 0.010684 0.013943
5 0.452152 0.712369 0.008394 0.012675
5 0.440705 0.713637 0.010684 0.015210
5 0.394727 0.759585 0.006487 0.018379
10 0.442995 0.757683 0.024420 0.036125
4 0.684905 0.667689 0.018315 0.025984
4 0.696925 0.720291 0.015644 0.028519
4 0.715812 0.626177 0.017552 0.027886
4 0.725923 0.598608 0.015644 0.028519
4 0.809676 0.605579 0.016789 0.027252
4 0.826084 0.624909 0.015263 0.026618
4 0.794223 0.685751 0.017170 0.025351
4 0.836004 0.745325 0.013736 0.026618
4 0.791361 0.891408 0.017552 0.029787
4 0.779724 0.522873 0.017170 0.026618
4 0.819979 0.745959 0.013736 0.027886
4 0.833333 0.769725 0.019841 0.027252
4 0.840011 0.545372 0.017170 0.028519