6 0.450053 0.916505 0.049679 0.086772
6 0.370459 0.529685 0.050748 0.067591
6 0.206464 0.259779 0.048611 0.077638
6 0.328526 0.254755 0.044872 0.082205
6 0.508547 0.248362 0.045940 0.084032
6 0.567842 0.249275 0.047009 0.074898
6 0.628739 0.248362 0.050214 0.085858
6 0.792468 0.231007 0.047543 0.080378
6 0.900908 0.233748 0.048611 0.082205
6 0.771368 0.519638 0.052350 0.071244
6 0.826923 0.514614 0.043803 0.068504
6 0.484241 0.529685 0.049679 0.076725
6 0.598825 0.800048 0.051282 0.080378
6 0.506677 0.915135 0.046474 0.082205