6 0.268429 0.066168 0.051816 0.082419
6 0.208868 0.065262 0.052350 0.082419
6 0.096154 0.071602 0.048077 0.080608
6 0.037126 0.071149 0.050748 0.076079
5 0.235844 0.748163 0.015491 0.026265
5 0.213141 0.750427 0.016026 0.025360
5 0.189103 0.749974 0.020299 0.020831
5 0.162660 0.752238 0.019765 0.021737
5 0.138622 0.750880 0.019765 0.024454
5 0.115385 0.752691 0.017094 0.026265
5 0.071581 0.755408 0.017094 0.024454
5 0.048611 0.754955 0.018162 0.025360
5 0.024306 0.757673 0.017628 0.025360
4 0.568910 0.532152 0.034188 0.059776
4 0.547009 0.588759 0.034188 0.053436
4 0.486378 0.668914 0.038996 0.052531
4 0.506410 0.778504 0.037393 0.054342
4 0.702991 0.706953 0.033120 0.065211
4 0.733173 0.545285 0.031517 0.057059
4 0.767094 0.583325 0.038462 0.051625
4 0.783921 0.825600 0.029380 0.050719
4 0.893964 0.927039 0.034722 0.050719
4 0.852564 0.927945 0.029915 0.048908