0 0.171474 0.723552 0.028846 0.057344
0 0.213141 0.752672 0.027778 0.060032
0 0.298611 0.635744 0.034188 0.053760
0 0.346421 0.647840 0.028312 0.068992
0 0.164797 0.602144 0.029380 0.056448
0 0.429754 0.608864 0.032585 0.057344
0 0.307425 0.771488 0.028312 0.067200
0 0.352831 0.797920 0.028312 0.068096
0 0.526976 0.718624 0.028312 0.067200
0 0.563568 0.767008 0.032051 0.060032
0 0.666400 0.776864 0.033654 0.047488
0 0.685897 0.509856 0.019231 0.036736
0 0.742788 0.412192 0.024038 0.038528
0 0.775641 0.448032 0.020299 0.047488
0 0.809295 0.477600 0.023504 0.036736
0 0.757479 0.570336 0.023504 0.034048
0 0.973024 0.636192 0.021902 0.042112