0 0.272169 0.582004 0.019765 0.032985
0 0.250801 0.547187 0.019765 0.034818
0 0.333066 0.591167 0.026175 0.038483
0 0.509615 0.503665 0.012821 0.024739
0 0.666667 0.601704 0.011752 0.022906
0 0.632212 0.570093 0.017628 0.021990
0 0.687233 0.620487 0.006944 0.020158
0 0.706464 0.639728 0.014423 0.021990
0 0.721154 0.657595 0.011752 0.019241
0 0.741720 0.675920 0.013355 0.021074
0 0.768964 0.701575 0.012286 0.017409
0 0.414530 0.410666 0.014957 0.029320
0 0.392895 0.389134 0.011218 0.019241
0 0.375000 0.370809 0.017094 0.022906
0 0.344284 0.428074 0.013355 0.025655
0 0.361378 0.447316 0.015491 0.025655
0 0.195780 0.486256 0.019765 0.032069
0 0.145833 0.513286 0.020299 0.027488
0 0.116987 0.502291 0.016026 0.032985
0 0.123130 0.583379 0.018697 0.037566
0 0.151976 0.597581 0.018697 0.038483
0 0.071047 0.569177 0.016026 0.034818
0 0.045406 0.560014 0.019231 0.040315
0 0.040865 0.482591 0.014423 0.041231