18 0.807692 0.597569 0.013889 0.028513
18 0.823718 0.564155 0.019231 0.029404
18 0.802618 0.532523 0.017628 0.030295
18 0.476763 0.561927 0.014423 0.032077
18 0.487981 0.562373 0.013355 0.034751
18 0.500000 0.566383 0.014957 0.037424
18 0.526175 0.570838 0.011752 0.033860
18 0.541132 0.567274 0.012821 0.032077
18 0.561165 0.573511 0.017628 0.035642
18 0.579327 0.573956 0.013355 0.036533
18 0.593216 0.573956 0.015491 0.032969
18 0.326389 0.546780 0.014957 0.030295
18 0.344017 0.551235 0.014957 0.028513
18 0.354968 0.553462 0.014423 0.029404
18 0.375267 0.552571 0.015491 0.032969
18 0.390224 0.551680 0.015491 0.025840
18 0.403579 0.552571 0.012286 0.025840
19 0.420673 0.833249 0.017628 0.040097
19 0.405983 0.836814 0.019231 0.045443
19 0.389690 0.823894 0.019765 0.040988
19 0.370726 0.823448 0.018162 0.040097
19 0.346955 0.819884 0.016560 0.036533
19 0.330128 0.818993 0.017094 0.041879
19 0.312500 0.817656 0.018162 0.037424
19 0.295406 0.818102 0.017094 0.038315
19 0.276976 0.818993 0.019765 0.038315
18 0.467949 0.505601 0.012108 0.030295
18 0.451567 0.494612 0.014957 0.027325
18 0.438568 0.495206 0.015313 0.032077
18 0.421474 0.491642 0.016026 0.028513
18 0.408120 0.491345 0.011396 0.026731
18 0.396011 0.488672 0.013533 0.027325
18 0.382835 0.486592 0.010684 0.025543
18 0.371083 0.485998 0.010684 0.027919
18 0.357906 0.482137 0.014957 0.028513
18 0.346332 0.482434 0.016026 0.031483
18 0.328882 0.486889 0.013177 0.029701
18 0.737536 0.854296 0.011396 0.030295
21 0.250712 0.750638 0.015670 0.027325
21 0.232906 0.749153 0.014957 0.031483
21 0.238604 0.815684 0.017806 0.032672
21 0.218661 0.812417 0.017806 0.027325
21 0.201211 0.812417 0.016382 0.027325
21 0.185007 0.810634 0.015313 0.027325
21 0.165242 0.811526 0.017094 0.029107
21 0.145655 0.809149 0.017094 0.030295
8 0.766382 0.589953 0.009259 0.024355
8 0.755520 0.586686 0.011040 0.026137
8 0.742165 0.588468 0.011396 0.026137
8 0.728989 0.584607 0.009259 0.021979
8 0.716702 0.584310 0.011752 0.027325
8 0.705306 0.585201 0.013889 0.024355
8 0.771189 0.530550 0.013177 0.023167
8 0.756588 0.529659 0.012464 0.027325
8 0.743056 0.527283 0.011752 0.024949
8 0.731481 0.526689 0.013533 0.029701
8 0.718839 0.525798 0.010328 0.026731
8 0.705128 0.521937 0.012108 0.027325
8 0.692842 0.521343 0.012464 0.028513
8 0.680556 0.521046 0.013533 0.029107
8 0.668803 0.515403 0.012821 0.027325
8 0.655983 0.518670 0.009972 0.027919
8 0.641916 0.517779 0.011040 0.023761