8 0.747362 0.424098 0.008347 0.021067
8 0.736345 0.424098 0.011685 0.017651
8 0.725160 0.423244 0.010684 0.022775
8 0.714810 0.424383 0.012019 0.020498
8 0.703125 0.420682 0.008013 0.021067
8 0.691940 0.418974 0.011685 0.019928
8 0.637186 0.363175 0.009682 0.026761
8 0.647870 0.360897 0.010350 0.026761
8 0.659221 0.359758 0.010350 0.021067
8 0.670072 0.362890 0.008681 0.023914
8 0.680756 0.364313 0.008013 0.022206
8 0.691273 0.364883 0.012353 0.021067
8 0.703292 0.366591 0.009682 0.021067
8 0.715311 0.367160 0.008347 0.021067
8 0.724993 0.368014 0.009014 0.023914
8 0.736345 0.371715 0.008347 0.024483
8 0.749032 0.369438 0.011018 0.022206
18 0.782085 0.432354 0.011018 0.028469
18 0.795606 0.403600 0.017361 0.023344
18 0.775741 0.372285 0.015024 0.027900
18 0.358908 0.388797 0.013355 0.023344
18 0.373431 0.390220 0.009014 0.025053
18 0.384949 0.393921 0.011351 0.025622
18 0.404814 0.394206 0.010350 0.025053
18 0.416667 0.393067 0.012019 0.025053
18 0.427183 0.393352 0.011685 0.025622
18 0.440371 0.395060 0.010016 0.025622
18 0.453893 0.394206 0.011018 0.026191
18 0.564570 0.409010 0.013355 0.028469
18 0.582599 0.409010 0.008681 0.028469
18 0.593283 0.409579 0.010684 0.026191
18 0.547209 0.404455 0.009348 0.027330
18 0.534522 0.405309 0.011351 0.027900
18 0.514824 0.403600 0.011351 0.030177
18 0.501135 0.401323 0.010016 0.029038
18 0.490284 0.398191 0.011685 0.030746
18 0.482505 0.347933 0.010417 0.025053
18 0.468349 0.339734 0.009882 0.026875
18 0.456464 0.336090 0.013889 0.025053
18 0.443376 0.336318 0.011752 0.023686
18 0.431090 0.336090 0.009615 0.027786
18 0.419671 0.333786 0.010016 0.027330
18 0.409433 0.333786 0.011797 0.025812
18 0.397859 0.332268 0.011797 0.028089
18 0.386730 0.330370 0.011351 0.026571
18 0.375935 0.328282 0.011574 0.028469
18 0.361356 0.329801 0.011797 0.029228
21 0.199987 0.619994 0.013132 0.023534
21 0.216235 0.625498 0.014022 0.029228
21 0.230814 0.620753 0.010684 0.025812
21 0.246951 0.623789 0.012687 0.027330
21 0.263421 0.625498 0.011351 0.026191
21 0.281784 0.626636 0.013800 0.026191
19 0.314726 0.627775 0.015580 0.039097
19 0.330418 0.627585 0.011351 0.039477
19 0.346332 0.630432 0.014245 0.036061
19 0.361245 0.629293 0.014245 0.039856
19 0.376714 0.629863 0.015358 0.034922
19 0.396412 0.634038 0.014245 0.037959
19 0.411102 0.634608 0.012019 0.035301
19 0.427796 0.642389 0.016471 0.036440
19 0.441595 0.646944 0.012019 0.037959
18 0.480213 0.704831 0.011351 0.026951
21 0.276776 0.568180 0.013577 0.025432
21 0.293247 0.565903 0.014468 0.026191