21 0.403555 0.602114 0.007284 0.012727
21 0.412903 0.603756 0.006556 0.013548
21 0.421402 0.603961 0.006070 0.011496
21 0.429779 0.604782 0.006313 0.012317
21 0.437549 0.606219 0.007284 0.012727
21 0.446168 0.606835 0.008498 0.013138
21 0.444469 0.574812 0.008013 0.014780
21 0.453574 0.575222 0.008256 0.014780
19 0.464986 0.606014 0.006799 0.018065
19 0.472635 0.606835 0.007042 0.018886
19 0.480526 0.607040 0.008741 0.017654
19 0.488296 0.607862 0.008256 0.018475
19 0.496795 0.607656 0.008256 0.017244
19 0.507114 0.609504 0.008984 0.019296
19 0.514277 0.609709 0.009227 0.020528
19 0.523261 0.613199 0.008741 0.019296
19 0.530667 0.614431 0.008013 0.018475
18 0.487325 0.482230 0.005342 0.012727
18 0.495095 0.483257 0.005828 0.015601
18 0.500680 0.484694 0.006313 0.017654
18 0.510999 0.484488 0.005585 0.013959
18 0.517070 0.483873 0.004613 0.015191
18 0.523261 0.484078 0.007284 0.015601
18 0.529210 0.485720 0.006070 0.013959
18 0.536009 0.485104 0.008498 0.016833
18 0.556770 0.488389 0.005342 0.015191
18 0.562961 0.488799 0.006070 0.016833
18 0.567453 0.488799 0.005828 0.015191
18 0.579594 0.491468 0.005342 0.017244
18 0.586150 0.489826 0.005828 0.015601
18 0.595377 0.492289 0.006799 0.015601
18 0.603754 0.493521 0.006556 0.014780
18 0.610553 0.493521 0.006070 0.016422
18 0.551549 0.460060 0.007042 0.015191
18 0.545357 0.456365 0.005342 0.016833
18 0.539044 0.455749 0.005828 0.013138
18 0.531881 0.454928 0.006556 0.016422
18 0.525690 0.453902 0.006799 0.014370
18 0.520591 0.452875 0.009713 0.017244
18 0.514035 0.452259 0.006799 0.014370
18 0.508571 0.451028 0.006556 0.015191
18 0.502380 0.449796 0.006799 0.016012
18 0.496431 0.449796 0.007527 0.016833
18 0.488903 0.451233 0.007527 0.017244
8 0.633013 0.466629 0.006799 0.015191
8 0.638598 0.466629 0.004371 0.013548
8 0.645032 0.467040 0.006070 0.013548
8 0.649888 0.468477 0.007527 0.015601
8 0.655837 0.468271 0.005342 0.014370
8 0.662150 0.468477 0.005828 0.013138
8 0.668463 0.468682 0.005342 0.012727
8 0.674170 0.469503 0.005585 0.013548
8 0.679511 0.469708 0.006556 0.014780
8 0.685339 0.470529 0.005585 0.013959
8 0.691531 0.471966 0.004856 0.016012
8 0.690438 0.498653 0.004128 0.011906
8 0.684368 0.498037 0.006070 0.012317
8 0.678662 0.499063 0.005342 0.014370
8 0.673320 0.498037 0.006313 0.012317
8 0.666885 0.498242 0.005099 0.015191
8 0.661665 0.496600 0.005828 0.013548
18 0.709377 0.504401 0.007042 0.015191
18 0.715084 0.489826 0.008256 0.010675
18 0.706342 0.473609 0.007770 0.013548
18 0.677205 0.624489 0.005828 0.017244