21 0.702958 0.733570 0.011685 0.020078
21 0.672576 0.728407 0.012353 0.022373
21 0.639356 0.721523 0.012687 0.024668
21 0.798110 0.751067 0.010350 0.029831
21 0.815138 0.749346 0.012353 0.024094
21 0.878739 0.760245 0.011351 0.025241
21 0.538194 0.708616 0.014022 0.021799
21 0.506310 0.703166 0.011685 0.021226
21 0.476930 0.698003 0.012353 0.023520
21 0.458400 0.694561 0.011351 0.022373
21 0.443209 0.691692 0.013689 0.025815
21 0.429020 0.690545 0.011351 0.023520
21 0.078125 0.612240 0.009348 0.021799
21 0.060764 0.611093 0.011351 0.020652
21 0.028713 0.603348 0.010016 0.021226