21 0.289530 0.633819 0.007479 0.015689
21 0.306624 0.637972 0.009615 0.018458
21 0.315050 0.638588 0.006070 0.015941
21 0.502865 0.681586 0.007770 0.014682
21 0.510271 0.683264 0.007042 0.018038
21 0.518769 0.684103 0.006556 0.014682
21 0.528603 0.684942 0.007284 0.015521
21 0.544993 0.688927 0.008498 0.012585
21 0.561990 0.690605 0.008498 0.012585
21 0.615773 0.698366 0.006313 0.013843
21 0.633984 0.701512 0.007284 0.014263
21 0.650253 0.703400 0.008256 0.013004
21 0.700272 0.713468 0.006799 0.013843
21 0.709863 0.714307 0.008984 0.018038
21 0.744585 0.720599 0.007042 0.013843
21 0.814394 0.731296 0.009227 0.015102