8 0.569088 0.523931 0.012108 0.022460
8 0.545584 0.525802 0.010684 0.026203
8 0.541667 0.464973 0.009259 0.023084
8 0.528846 0.467781 0.012108 0.024955
8 0.516560 0.464350 0.010328 0.021836
8 0.504986 0.466221 0.009259 0.025579
8 0.492521 0.464661 0.009259 0.022460
8 0.480162 0.463995 0.010927 0.023821
8 0.467657 0.466547 0.010198 0.023821
8 0.456002 0.465697 0.009227 0.023821
8 0.444712 0.464633 0.009955 0.022545
8 0.431114 0.465059 0.008984 0.022545
8 0.419338 0.466547 0.011169 0.025523
8 0.498980 0.526100 0.011169 0.022120
8 0.487811 0.525249 0.010198 0.023821
8 0.463530 0.523548 0.009713 0.021269
8 0.451875 0.524399 0.010684 0.024672
8 0.416424 0.522485 0.010684 0.021694
8 0.394206 0.521208 0.010441 0.025097
8 0.382309 0.519932 0.009955 0.022545
8 0.372475 0.520570 0.010684 0.024672
8 0.360941 0.518656 0.010927 0.025097
8 0.347708 0.463782 0.009713 0.020843
8 0.333382 0.463357 0.009713 0.021694
8 0.320998 0.462506 0.010198 0.024247
8 0.321605 0.519081 0.008498 0.022545
8 0.307522 0.518656 0.010441 0.025948
8 0.294532 0.518869 0.011169 0.027224
8 0.279842 0.518018 0.010441 0.022120
8 0.266001 0.518443 0.011412 0.025523
8 0.252768 0.517167 0.010684 0.022120
8 0.286155 0.462294 0.010927 0.022970
8 0.274864 0.463995 0.010684 0.023821
8 0.263937 0.463144 0.010684 0.023821
8 0.251675 0.461017 0.009470 0.024672
8 0.240870 0.460805 0.011655 0.025948
8 0.228972 0.459316 0.012141 0.022970
8 0.215739 0.458040 0.009955 0.023821
8 0.225573 0.516955 0.013112 0.025948
8 0.211854 0.516742 0.011898 0.022120
8 0.179317 0.516529 0.011898 0.024247
8 0.167905 0.516317 0.011412 0.023821
8 0.155400 0.515466 0.010198 0.023821
8 0.147873 0.456551 0.010684 0.024247
8 0.168269 0.643930 0.009713 0.025523
8 0.154065 0.629041 0.009955 0.019567
8 0.141681 0.624788 0.008984 0.020418
8 0.112665 0.627978 0.010684 0.025097