8 0.627968 0.515238 0.006331 0.013946
8 0.614811 0.515238 0.006925 0.012516
8 0.612437 0.481267 0.005738 0.013231
8 0.606007 0.480552 0.005935 0.011800
8 0.599379 0.481267 0.006133 0.011800
8 0.592058 0.480552 0.005342 0.013946
8 0.585233 0.480731 0.005540 0.011443
8 0.578407 0.480552 0.006133 0.013231
8 0.571383 0.479837 0.005935 0.013946
8 0.564854 0.480016 0.005935 0.014303
8 0.558128 0.480373 0.005935 0.012873
8 0.551599 0.481446 0.006331 0.017164
8 0.544080 0.480194 0.005144 0.011085
8 0.588794 0.513986 0.005540 0.013588
8 0.582364 0.512377 0.007320 0.013231
8 0.569306 0.513629 0.006529 0.011443
8 0.561887 0.513808 0.005540 0.016807
8 0.542201 0.513271 0.006529 0.012873
8 0.529934 0.513629 0.005738 0.013588
8 0.523900 0.511841 0.006331 0.014303
8 0.517866 0.512735 0.006133 0.013946
8 0.511633 0.512556 0.006727 0.015734
8 0.504313 0.478764 0.006727 0.013231
8 0.496399 0.480194 0.005540 0.013946
8 0.489573 0.478407 0.005738 0.015376
8 0.489573 0.511126 0.006133 0.015019
8 0.481956 0.512556 0.005540 0.013588
8 0.474240 0.510947 0.006331 0.013231
8 0.466821 0.511662 0.005738 0.014661
8 0.458709 0.511305 0.007320 0.013231
8 0.451982 0.510947 0.006133 0.013946
8 0.470184 0.479837 0.005342 0.013946
8 0.463952 0.480194 0.006331 0.016091
8 0.457819 0.480373 0.005144 0.015734
8 0.451191 0.478585 0.006925 0.015734
8 0.444761 0.477870 0.006727 0.014303
8 0.437836 0.477155 0.005540 0.013588
8 0.431011 0.476619 0.006529 0.014661
8 0.436056 0.510947 0.005935 0.014661
8 0.428538 0.511841 0.007123 0.015734
8 0.409940 0.511305 0.007518 0.013946
8 0.403015 0.510947 0.006331 0.014661
8 0.396981 0.510232 0.005342 0.014661
8 0.392035 0.475188 0.006925 0.014661
8 0.403708 0.584967 0.006529 0.013231
8 0.396091 0.575313 0.005540 0.013946
8 0.388572 0.571737 0.005144 0.013231
8 0.371953 0.574419 0.005935 0.013588