9 0.575588 0.814276 0.013355 0.029040
9 0.548044 0.797801 0.013689 0.026248
9 0.460236 0.746144 0.013021 0.029040
9 0.438702 0.728831 0.012687 0.023455
9 0.404481 0.713474 0.012353 0.025131
9 0.326689 0.667401 0.012353 0.025689
9 0.292635 0.648693 0.012353 0.029598
18 0.619157 0.478921 0.014356 0.039651
18 0.641860 0.492882 0.013689 0.039651
18 0.662727 0.505168 0.015358 0.034066
18 0.679921 0.516896 0.013689 0.034066
18 0.695112 0.524994 0.016026 0.029040
18 0.722489 0.417490 0.017361 0.032949
18 0.703459 0.401853 0.016026 0.037417
18 0.676749 0.387892 0.014022 0.037417
18 0.661725 0.380632 0.014022 0.038534
18 0.646368 0.369184 0.016693 0.041326
18 0.630008 0.361924 0.014690 0.036858
18 0.612647 0.351034 0.016026 0.038534
9 0.584268 0.321156 0.013355 0.030157
9 0.568076 0.312779 0.013021 0.027923
9 0.552551 0.304961 0.014022 0.029040
9 0.518830 0.286811 0.015358 0.028481
9 0.480602 0.384262 0.013689 0.031274
9 0.500467 0.274804 0.014690 0.027923
9 0.474092 0.257213 0.017361 0.025131
9 0.433861 0.233757 0.014356 0.024014
9 0.379774 0.202484 0.017027 0.027365
9 0.358240 0.191594 0.015358 0.032391
9 0.364583 0.316130 0.017361 0.035741
9 0.267261 0.136865 0.013021 0.027923
9 0.244725 0.241017 0.013355 0.026248
9 0.226195 0.231803 0.014356 0.027923
9 0.226529 0.113409 0.014356 0.029040
9 0.146568 0.180983 0.012687 0.026806
9 0.156918 0.069012 0.014022 0.028481
9 0.138889 0.062310 0.013355 0.027365