9 0.365226 0.337063 0.005935 0.012743
9 0.373140 0.341540 0.006727 0.012743
9 0.404499 0.361343 0.006133 0.013776
9 0.420920 0.372364 0.006133 0.014465
9 0.412116 0.418685 0.006331 0.016187
9 0.404103 0.413175 0.005342 0.014120
9 0.369084 0.392511 0.006925 0.014809
9 0.460490 0.393027 0.004550 0.013087
9 0.469987 0.402154 0.006925 0.014120
9 0.463754 0.449853 0.005144 0.012398
9 0.493926 0.415930 0.005738 0.016187
9 0.511535 0.425917 0.007320 0.016875
9 0.522317 0.432977 0.005144 0.015842
9 0.531220 0.438488 0.005540 0.014465
9 0.545465 0.446753 0.005144 0.013776
9 0.552192 0.451230 0.005540 0.012398
9 0.559414 0.455363 0.006133 0.011709
9 0.432297 0.602936 0.005144 0.014120
9 0.447036 0.612751 0.004946 0.013087
9 0.481066 0.631865 0.006133 0.013431
9 0.495905 0.641508 0.005342 0.012054
9 0.505500 0.647019 0.005935 0.013431
9 0.543784 0.671299 0.006529 0.013087
9 0.555358 0.677325 0.006727 0.013431
18 0.575044 0.526997 0.006133 0.016531
18 0.584837 0.534746 0.007518 0.017564
18 0.593147 0.538879 0.007123 0.015498
18 0.600566 0.542495 0.007320 0.015153
18 0.607491 0.546800 0.007716 0.015498
18 0.619460 0.497724 0.007123 0.016531
18 0.610854 0.491352 0.008903 0.016187
18 0.599774 0.484292 0.008112 0.015842
18 0.592949 0.481537 0.005935 0.015842
18 0.586618 0.476888 0.007123 0.016187
18 0.578902 0.472927 0.007518 0.015842
18 0.571581 0.468106 0.007914 0.014465