8 0.370326 0.704646 0.007212 0.015192
8 0.359776 0.719839 0.008013 0.014298
8 0.349092 0.733914 0.007479 0.012958
8 0.343349 0.742180 0.007212 0.012511
8 0.337073 0.749999 0.006944 0.013852
8 0.327324 0.765638 0.008814 0.013852
8 0.317575 0.778596 0.007479 0.011171
8 0.305956 0.793342 0.006677 0.012064
8 0.295406 0.807193 0.005876 0.012958
8 0.285657 0.818811 0.007746 0.012958
8 0.276042 0.832216 0.007212 0.012958
8 0.260550 0.855004 0.006677 0.013852
8 0.246661 0.874441 0.006677 0.013405
8 0.235844 0.889409 0.008013 0.014745
8 0.223558 0.862600 0.006944 0.013852
8 0.233440 0.848525 0.006944 0.015192
8 0.243056 0.836014 0.006944 0.010724
8 0.256010 0.817917 0.007746 0.014745
8 0.267895 0.802055 0.008013 0.013405
8 0.277244 0.787756 0.006410 0.015192
8 0.287126 0.774798 0.006944 0.015192
8 0.298611 0.760947 0.008013 0.014298
8 0.307425 0.745754 0.006944 0.011618
8 0.319177 0.731679 0.008013 0.014745
8 0.327057 0.720732 0.007212 0.013405
8 0.336939 0.704646 0.006143 0.010724
8 0.346554 0.693476 0.008280 0.011618
8 0.366319 0.666890 0.007746 0.015639
8 0.537794 0.472520 0.006677 0.014745
8 0.524573 0.449955 0.008013 0.012511
8 0.541400 0.426497 0.008547 0.013852
8 0.555155 0.447274 0.005609 0.014298
8 0.572382 0.425603 0.006944 0.016533
8 0.556757 0.401698 0.009348 0.017873
8 0.568643 0.389187 0.008013 0.016086
8 0.587607 0.402145 0.006410 0.012511
8 0.597756 0.389633 0.007479 0.014298
8 0.584535 0.367515 0.009348 0.016533
8 0.596955 0.349642 0.008013 0.012064
8 0.613782 0.327301 0.008013 0.013852
8 0.614583 0.366398 0.006944 0.016086
8 0.635417 0.337578 0.007479 0.013852
8 0.632612 0.303172 0.007746 0.013852