8 0.297810 0.767561 0.014423 0.029974
8 0.322115 0.734942 0.013889 0.028211
8 0.359241 0.687778 0.019765 0.034382
8 0.394498 0.636646 0.015491 0.029092
8 0.419605 0.606231 0.017628 0.033500
8 0.442575 0.572290 0.015491 0.027329
8 0.469284 0.535704 0.019765 0.028211
8 0.495994 0.503967 0.017628 0.037027
8 0.520833 0.470467 0.014957 0.028211
8 0.547009 0.436085 0.014957 0.033500
8 0.560363 0.413164 0.016026 0.031737
8 0.572650 0.399059 0.014957 0.037027
8 0.602564 0.358946 0.018162 0.029092
8 0.627671 0.330295 0.019231 0.031737
8 0.613782 0.232439 0.017094 0.031737
8 0.565171 0.302084 0.014957 0.026448
8 0.543803 0.329413 0.012821 0.026448
8 0.520566 0.365558 0.019765 0.029974
8 0.498397 0.390683 0.013889 0.022040
8 0.476763 0.426828 0.016560 0.027329
8 0.448451 0.461210 0.015491 0.025566
8 0.424947 0.494710 0.016560 0.027329
8 0.400107 0.526448 0.014957 0.022040
8 0.376068 0.566119 0.020299 0.037908
8 0.346688 0.605790 0.016026 0.030855
8 0.317575 0.641935 0.017628 0.029092
8 0.269231 0.709376 0.016026 0.029974
8 0.293269 0.675435 0.014957 0.029092