8 0.615118 0.464661 0.014423 0.029155
8 0.624733 0.553892 0.015491 0.027388
8 0.571581 0.522971 0.013889 0.037990
8 0.532585 0.576863 0.013889 0.027388
8 0.575855 0.614411 0.014957 0.033572
8 0.535791 0.669628 0.020299 0.034456
8 0.510150 0.702317 0.018162 0.030922
8 0.471955 0.761952 0.014423 0.037106
8 0.432425 0.810986 0.018697 0.036223
8 0.387019 0.867528 0.013355 0.025621
8 0.356303 0.820262 0.022436 0.033572
8 0.397436 0.763719 0.016026 0.031805
8 0.438301 0.706735 0.016560 0.030922
8 0.462874 0.672721 0.017628 0.030038
8 0.501335 0.621920 0.020833 0.034456