19 0.377344 0.704300 0.019884 0.029740
19 0.388473 0.682243 0.019587 0.030236
19 0.397080 0.663160 0.017806 0.030731
19 0.407912 0.642342 0.017509 0.026766
19 0.420673 0.616071 0.018103 0.030731
19 0.430170 0.595749 0.018697 0.029740
19 0.441892 0.574683 0.020180 0.032218
19 0.451537 0.553865 0.019290 0.029244
19 0.459698 0.533047 0.020180 0.028253
19 0.472460 0.514212 0.019587 0.030236
19 0.484330 0.487198 0.019587 0.028749
19 0.494717 0.467867 0.017806 0.028749
19 0.504363 0.446801 0.019884 0.030236
19 0.528698 0.399217 0.020477 0.029244
19 0.539530 0.375672 0.018400 0.026766
19 0.559265 0.337258 0.020477 0.028253
19 0.569652 0.313714 0.018103 0.028749