19 0.161058 0.640121 0.011218 0.017596
19 0.169471 0.627618 0.008280 0.019448
19 0.176683 0.614421 0.008814 0.018985
19 0.201656 0.574831 0.010150 0.018522
19 0.235176 0.524358 0.011485 0.019448
19 0.242922 0.508846 0.010951 0.018059
19 0.265491 0.470644 0.012821 0.018522
19 0.345353 0.344462 0.009615 0.018059
19 0.353098 0.327793 0.008547 0.016207
19 0.306891 0.380349 0.010684 0.018522
19 0.383814 0.282645 0.012286 0.022226
19 0.392094 0.268291 0.011752 0.016670
19 0.735577 0.650308 0.010150 0.020374
19 0.741587 0.638037 0.010951 0.018985
19 0.746928 0.624377 0.009348 0.015744
19 0.752938 0.612338 0.010684 0.017596
19 0.760817 0.594742 0.012553 0.019448
19 0.766293 0.583397 0.012286 0.018059
19 0.772970 0.570432 0.012286 0.018059
19 0.779380 0.559087 0.011218 0.020374
19 0.784856 0.545890 0.011485 0.020837
19 0.791667 0.533619 0.011752 0.015744
19 0.799679 0.517644 0.012286 0.018985
19 0.805288 0.504678 0.011752 0.018985
19 0.811031 0.493102 0.010951 0.018059
19 0.825053 0.462541 0.010150 0.017133
19 0.832532 0.449112 0.011218 0.015281
19 0.844284 0.425033 0.012286 0.018059
19 0.849225 0.409058 0.012019 0.017596