0 0.458543 0.478312 0.010572 0.018228
0 0.407723 0.442194 0.012735 0.018228
0 0.383335 0.427173 0.012014 0.015865
0 0.361709 0.410970 0.014417 0.019241
0 0.481610 0.494852 0.011053 0.016203
0 0.476804 0.424135 0.012495 0.018565
0 0.500832 0.440338 0.011053 0.021266
0 0.523779 0.454852 0.013696 0.021266
0 0.546486 0.471730 0.011534 0.018565
0 0.569192 0.488776 0.009371 0.019578
0 0.573277 0.556793 0.011774 0.015865
0 0.619531 0.589536 0.010572 0.019916
0 0.628421 0.484219 0.011534 0.019916
0 0.606556 0.468186 0.010092 0.019578
0 0.583609 0.452827 0.010813 0.021941
0 0.512846 0.403038 0.011534 0.018228
0 0.534832 0.417890 0.012254 0.018228
0 0.581807 0.370127 0.012975 0.021266
0 0.534472 0.345992 0.012495 0.023629
0 0.604634 0.389030 0.014417 0.021941
0 0.576881 0.318819 0.012735 0.019916
0 0.601150 0.336034 0.011774 0.019916
0 0.622054 0.350886 0.014177 0.020591
0 0.600789 0.250464 0.010572 0.019578
0 0.623376 0.268861 0.012014 0.021266
0 0.643439 0.285232 0.012254 0.022954
0 0.665305 0.299072 0.011774 0.025654
0 0.688852 0.314937 0.012254 0.020928
0 0.528464 0.286920 0.010092 0.020928