21 0.423223 0.462748 0.008256 0.015999
21 0.413389 0.456184 0.007527 0.015179
21 0.404162 0.447364 0.007042 0.015589
21 0.395785 0.439159 0.006799 0.015589
21 0.385465 0.431980 0.010441 0.018461
21 0.375874 0.421724 0.008256 0.015999
21 0.366040 0.413930 0.007527 0.014358
21 0.356328 0.406751 0.008498 0.015589
21 0.346737 0.397931 0.009227 0.016820
21 0.336781 0.391162 0.009227 0.014768
21 0.355842 0.280193 0.008013 0.014358
21 0.345644 0.321832 0.006556 0.018050
21 0.352686 0.156097 0.007527 0.014768
21 0.576923 0.440800 0.006313 0.012307
21 0.571824 0.423570 0.007770 0.015589
21 0.560897 0.414135 0.007284 0.013948
21 0.554220 0.426647 0.008013 0.011076
21 0.550214 0.442236 0.008256 0.014358
21 0.885538 0.827652 0.009227 0.013948
21 0.843896 0.768783 0.011412 0.017640
21 0.885052 0.780065 0.006799 0.013948
21 0.907270 0.697813 0.006556 0.013538