21 0.525374 0.559524 0.022970 0.034013
21 0.504274 0.543412 0.018162 0.034013
21 0.480769 0.521930 0.018162 0.035804
21 0.320513 0.387178 0.016619 0.035306
21 0.341435 0.405577 0.016916 0.034312
21 0.365325 0.426214 0.016026 0.031825
21 0.387731 0.445110 0.019884 0.032820
21 0.409989 0.466493 0.019884 0.032820
21 0.432989 0.486135 0.016026 0.035306
21 0.458660 0.503042 0.015135 0.033317
21 0.340842 0.229791 0.019884 0.031825
21 0.362654 0.132823 0.018400 0.029836
21 0.119599 0.284242 0.017213 0.029339
21 0.124644 0.141525 0.019587 0.030334
21 0.134289 0.112186 0.018103 0.030334
21 0.084135 0.173599 0.019884 0.030831
21 0.834224 0.477184 0.017213 0.030334
21 0.886159 0.505280 0.018993 0.030831
21 0.908268 0.521939 0.015729 0.032323