0 0.502315 0.826610 0.019587 0.040782
0 0.588497 0.894680 0.021724 0.040182
0 0.537927 0.706965 0.020299 0.042581
0 0.492699 0.673080 0.016026 0.039582
0 0.451567 0.630499 0.024929 0.037183
0 0.519053 0.590617 0.021724 0.042581
0 0.685185 0.555533 0.025641 0.035984
0 0.602208 0.660785 0.020655 0.038982
0 0.649573 0.687473 0.018519 0.037183
0 0.430021 0.515951 0.023860 0.038383
0 0.405983 0.596315 0.022792 0.039582
0 0.557514 0.445483 0.025285 0.042581
0 0.589922 0.366618 0.024573 0.045579
0 0.551638 0.334833 0.026353 0.050377
0 0.715100 0.288654 0.019943 0.045579
0 0.673077 0.248172 0.024217 0.040182
0 0.633013 0.219985 0.023148 0.054575
0 0.595442 0.181302 0.023504 0.045579
0 0.552885 0.140520 0.023860 0.040782
0 0.418269 0.217286 0.020299 0.046779
0 0.509081 0.292852 0.022436 0.043180
0 0.428775 0.345328 0.022792 0.041381
0 0.384259 0.304846 0.022792 0.046779
0 0.388889 0.483565 0.027778 0.050377
0 0.365741 0.566928 0.022792 0.050377
0 0.286503 0.643693 0.021011 0.038383
0 0.327457 0.683275 0.019587 0.035984