6 0.566588 0.418309 0.034142 0.061639
6 0.572278 0.323481 0.036232 0.071121
6 0.535465 0.349954 0.038787 0.051365
6 0.525827 0.413963 0.036696 0.067960
18 0.657980 0.385317 0.011613 0.019361
18 0.664483 0.363388 0.014400 0.018966
18 0.670174 0.336915 0.014632 0.017385
18 0.672380 0.314393 0.013471 0.019756
18 0.391583 0.690744 0.008826 0.027263
18 0.381712 0.694102 0.010916 0.026868
18 0.370912 0.692917 0.009290 0.025288
18 0.339790 0.698844 0.011148 0.022917
18 0.304255 0.699437 0.011148 0.021732
18 0.293687 0.693115 0.009987 0.024892
18 0.284513 0.684620 0.009755 0.022127
18 0.274526 0.679088 0.009290 0.023707
18 0.265120 0.674742 0.009522 0.021336
18 0.256062 0.667234 0.008129 0.022127
18 0.246772 0.660912 0.010452 0.022127
18 0.224359 0.669605 0.009755 0.022917
0 0.298565 0.608954 0.015561 0.029634
0 0.312616 0.613893 0.011148 0.021336
0 0.327597 0.609349 0.012310 0.022522
0 0.337584 0.621598 0.011845 0.027263
0 0.351867 0.624561 0.011613 0.026078
0 0.389841 0.604213 0.014632 0.028053
0 0.407957 0.599867 0.014632 0.031214
0 0.423750 0.594137 0.015097 0.039512
0 0.441634 0.594137 0.015561 0.041092
0 0.461027 0.589198 0.015793 0.042278
0 0.488550 0.589001 0.015561 0.033980
0 0.510730 0.584259 0.013471 0.032400