0 0.379541 0.500452 0.025107 0.046959
0 0.530983 0.493227 0.033120 0.061408
0 0.556090 0.488260 0.029915 0.060505
0 0.587340 0.482390 0.031517 0.063214
0 0.615919 0.479230 0.026709 0.058698
0 0.643964 0.473811 0.017628 0.053280
0 0.693109 0.466587 0.020833 0.056892
0 0.636218 0.606109 0.028846 0.050571
0 0.606838 0.607915 0.029915 0.046959
0 0.579327 0.615591 0.032585 0.056892
18 0.532318 0.632749 0.015491 0.047862
18 0.514690 0.634555 0.014423 0.040637
18 0.500000 0.637264 0.013889 0.038831
18 0.447115 0.644037 0.012821 0.036122
18 0.392094 0.645392 0.017094 0.040637
18 0.375000 0.636361 0.019231 0.042444
18 0.359509 0.624170 0.021368 0.045153
18 0.342949 0.611076 0.016026 0.042444
18 0.330128 0.600690 0.022436 0.046959
18 0.315705 0.587145 0.023504 0.045153
18 0.296741 0.577663 0.012286 0.049668
0 0.728900 0.460266 0.024038 0.058698
0 0.404915 0.504064 0.022436 0.041540
0 0.426282 0.512643 0.022436 0.042444
0 0.442575 0.521673 0.018697 0.037025
0 0.470620 0.522576 0.017094 0.035219
6 0.754808 0.178513 0.063034 0.094821
6 0.817575 0.184834 0.060363 0.096627
6 0.761485 0.083241 0.065705 0.088499
6 0.830395 0.047119 0.071047 0.093918