18 0.337073 0.493145 0.011752 0.027418
18 0.396100 0.466184 0.015491 0.022848
18 0.388088 0.582254 0.013355 0.024676
18 0.456998 0.474867 0.015491 0.023762
18 0.520566 0.460244 0.014423 0.027418
18 0.488782 0.539299 0.016026 0.028332
18 0.625267 0.616984 0.014423 0.031988
18 0.649306 0.645773 0.012286 0.021935
18 0.663562 0.667794 0.014356 0.022277
18 0.791600 0.638947 0.010684 0.029703
18 0.816640 0.633521 0.011351 0.030274
18 0.874900 0.611815 0.015692 0.019992
18 0.800280 0.537843 0.010684 0.029703
18 0.817975 0.532988 0.012019 0.025705
18 0.829661 0.528418 0.010684 0.029132
18 0.842014 0.526133 0.008013 0.027989
18 0.853032 0.524705 0.011351 0.026276
18 0.866386 0.521563 0.010684 0.026847
18 0.020199 0.524705 0.011018 0.026276
18 0.047910 0.517279 0.010350 0.025133
18 0.065605 0.512138 0.010350 0.029703