6 0.118323 0.540374 0.020833 0.040838
6 0.094284 0.548728 0.024038 0.040838
6 0.067575 0.556153 0.024038 0.038982
2 0.016382 0.566917 0.014245 0.022276
18 0.618323 0.399957 0.006232 0.013922
18 0.632123 0.396090 0.004897 0.013922
18 0.640024 0.393963 0.005564 0.012762
18 0.774573 0.383908 0.005787 0.011215
18 0.802729 0.370372 0.005119 0.011215
18 0.799501 0.429155 0.007123 0.015856
18 0.832443 0.374820 0.008013 0.014696
18 0.864606 0.367278 0.006455 0.015082
18 0.848691 0.407691 0.005342 0.013149
18 0.915687 0.445397 0.007123 0.011215
18 0.928040 0.460866 0.006900 0.011989
18 0.935608 0.471308 0.006900 0.011989