17 0.470264 0.742166 0.018875 0.043751
17 0.670584 0.582831 0.017806 0.043159
17 0.646189 0.569824 0.018875 0.036065
17 0.598291 0.545583 0.017094 0.040795
17 0.571047 0.536715 0.017450 0.040795
17 0.546830 0.523708 0.017450 0.038430
17 0.522258 0.507154 0.019587 0.037247
17 0.496617 0.495920 0.016738 0.040795
17 0.558048 0.785621 0.017806 0.038430
17 0.372507 0.434729 0.018519 0.043751
17 0.324964 0.390682 0.020299 0.036065
17 0.308405 0.362895 0.017806 0.039612
17 0.507123 0.772023 0.040598 0.069173
21 0.322650 0.669150 0.014957 0.024240
21 0.255342 0.306728 0.015670 0.024240
21 0.182514 0.219522 0.013177 0.026014
18 0.238070 0.284262 0.014601 0.030153
18 0.219017 0.260613 0.014245 0.030153
18 0.199608 0.237850 0.014601 0.030744
19 0.154915 0.184344 0.019943 0.041977
19 0.129986 0.155670 0.019943 0.039021
19 0.075142 0.088861 0.017094 0.039021
20 0.037749 0.043928 0.019231 0.041386
20 0.019409 0.022940 0.019587 0.034882
2 0.793803 0.887608 0.031339 0.046116
0 0.933939 0.946730 0.039530 0.065035