13 0.482401 0.508404 0.050154 0.091137
13 0.716702 0.597768 0.049264 0.092655
4 0.382835 0.468405 0.037987 0.058732
6 0.585381 0.544858 0.037096 0.064808
2 0.291578 0.293980 0.029380 0.042024
4 0.309829 0.424103 0.040954 0.048100
12 0.276591 0.411192 0.026116 0.071897
18 0.436254 0.352459 0.013058 0.028354
18 0.423047 0.347143 0.012168 0.030885
21 0.645329 0.550934 0.012761 0.028354
21 0.660761 0.555997 0.013948 0.028354
8 0.367996 0.322080 0.010090 0.024303
8 0.379125 0.325371 0.013355 0.022784
8 0.396783 0.333219 0.010090 0.023290
19 0.473795 0.368155 0.016322 0.038480
19 0.489969 0.368408 0.016619 0.035948
19 0.505698 0.377522 0.016026 0.036961
19 0.520091 0.381572 0.018103 0.038986
19 0.537601 0.392711 0.015729 0.039999
19 0.563568 0.400306 0.014839 0.036961
19 0.620400 0.552706 0.016916 0.033923
19 0.716851 0.464101 0.016916 0.043037
19 0.760179 0.480810 0.018103 0.037974
22 0.603336 0.425621 0.016619 0.039999
22 0.630935 0.436760 0.013651 0.042024
22 0.644142 0.439545 0.013355 0.042530
22 0.656903 0.445874 0.015729 0.042024
22 0.671890 0.456760 0.014839 0.040505
22 0.696373 0.464861 0.018697 0.046581
0 0.549027 0.526884 0.016026 0.036961
0 0.737476 0.479038 0.019587 0.041518