0 0.367254 0.515696 0.016693 0.035638
0 0.386285 0.564555 0.014690 0.034489
0 0.420506 0.588697 0.018363 0.031040
0 0.468249 0.706821 0.014356 0.027016
0 0.447716 0.731250 0.016693 0.034489
19 0.240385 0.098670 0.020032 0.032764
19 0.258914 0.133159 0.020366 0.030465
19 0.267094 0.152128 0.020032 0.027016
19 0.282953 0.198687 0.021701 0.028166
19 0.307325 0.261342 0.020366 0.029315
19 0.336205 0.302153 0.018029 0.027016
15 0.473758 0.412230 0.038061 0.050583
15 0.505308 0.495865 0.031050 0.045410
22 0.529180 0.563405 0.017361 0.027591
19 0.539363 0.585823 0.019030 0.027591
2 0.560397 0.649052 0.021701 0.037938
2 0.578092 0.690151 0.023705 0.037363
2 0.593950 0.734124 0.022035 0.040237