18 0.322115 0.828458 0.013889 0.025100
17 0.326211 0.845191 0.018519 0.026295
17 0.332265 0.861028 0.017806 0.025697
17 0.340634 0.877761 0.018875 0.024502
17 0.347222 0.895092 0.020655 0.026893
18 0.374110 0.827263 0.012464 0.021514
18 0.382835 0.855351 0.014245 0.023905
21 0.481125 0.677261 0.012821 0.023905
21 0.470442 0.690110 0.012821 0.025697
21 0.124110 0.296879 0.013177 0.025697
21 0.136752 0.287317 0.011396 0.020917
21 0.156695 0.278652 0.009259 0.023905
21 0.151175 0.290305 0.009615 0.023307
21 0.148682 0.335126 0.011752 0.022112
21 0.162037 0.327656 0.011396 0.022709
21 0.191417 0.333333 0.012464 0.028088
22 0.123575 0.392497 0.016382 0.030478
22 0.134793 0.410725 0.008903 0.034662
22 0.177528 0.362318 0.012464 0.039443
19 0.119658 0.346780 0.016382 0.035857
19 0.134259 0.341401 0.014957 0.039443
19 0.488960 0.660229 0.016382 0.032869
19 0.500178 0.647978 0.017450 0.033466
19 0.512642 0.631544 0.017450 0.035259
19 0.524573 0.619591 0.015670 0.030478
19 0.534010 0.605846 0.015313 0.036455
19 0.558761 0.575666 0.014957 0.032271
20 0.547721 0.591802 0.017806 0.033466
7 0.341168 0.190503 0.033476 0.059164
6 0.368768 0.188710 0.040242 0.071116
20 0.696403 0.936029 0.016738 0.035857
20 0.736467 0.863717 0.021368 0.027490
20 0.744480 0.880749 0.021724 0.025697
20 0.761752 0.925869 0.019231 0.027490
20 0.788996 0.984137 0.021724 0.030478
20 0.720620 0.826665 0.018162 0.028686