20 0.272970 0.103988 0.009615 0.019275
20 0.256090 0.080895 0.011752 0.017457
20 0.241239 0.043254 0.010684 0.015638
20 0.393483 0.271645 0.010470 0.017093
15 0.354167 0.168905 0.019872 0.027640
15 0.372543 0.218548 0.021581 0.026549
0 0.289957 0.230549 0.007265 0.017820
0 0.303846 0.261280 0.011111 0.021093
0 0.322543 0.271645 0.009188 0.020002
0 0.350855 0.339290 0.008120 0.020002
0 0.339530 0.357110 0.012821 0.026549
2 0.405449 0.308922 0.011325 0.019639
2 0.416667 0.334198 0.014530 0.022185
2 0.426923 0.358746 0.014957 0.022548
0 0.485897 0.461668 0.010256 0.017457
0 0.533868 0.524039 0.008333 0.020002
0 0.551923 0.546769 0.008974 0.023276
19 0.616346 0.626779 0.008761 0.019639
19 0.624038 0.637144 0.010470 0.021457
19 0.634615 0.645508 0.008974 0.020002
19 0.643269 0.657874 0.008761 0.019275
19 0.669124 0.690605 0.007479 0.019275
19 0.681517 0.706061 0.010470 0.017457
17 0.702671 0.731701 0.006197 0.015638
17 0.711218 0.741884 0.007051 0.016366
17 0.753739 0.792617 0.009615 0.019639
17 0.760577 0.803709 0.010897 0.019275
17 0.785256 0.825712 0.010684 0.018184
17 0.796368 0.831713 0.009829 0.020730
17 0.806731 0.838623 0.012607 0.023639
17 0.819765 0.844442 0.010043 0.021457
17 0.831197 0.850988 0.010256 0.022185
17 0.842094 0.856079 0.009829 0.022912
17 0.854915 0.862262 0.009402 0.021457
17 0.867094 0.867354 0.009402 0.019275
17 0.877564 0.872627 0.008974 0.020366
17 0.891132 0.877718 0.010043 0.018911
17 0.913034 0.890993 0.009829 0.020730
17 0.924679 0.898448 0.010043 0.021093
17 0.830769 0.976458 0.007692 0.022185
21 0.728632 0.765159 0.007265 0.018548
21 0.694444 0.722972 0.007265 0.017820
18 0.720192 0.753703 0.007906 0.017457