18 0.402778 0.503665 0.009081 0.013136
18 0.397970 0.486226 0.009081 0.012683
18 0.367655 0.486905 0.009348 0.013136
17 0.381811 0.527220 0.010951 0.016760
17 0.377804 0.515669 0.012019 0.017213
17 0.373130 0.505930 0.010684 0.016760
17 0.369525 0.498456 0.011485 0.013589
21 0.270032 0.161444 0.006944 0.012683
21 0.249733 0.171862 0.008547 0.014495
21 0.259348 0.166426 0.008013 0.015401
21 0.273371 0.190434 0.008280 0.015401
21 0.264690 0.194737 0.008547 0.015854
19 0.247997 0.200626 0.008814 0.021290
19 0.255208 0.196323 0.011485 0.020837
20 0.262553 0.233466 0.009081 0.022649
20 0.268563 0.224860 0.008814 0.019931
20 0.275107 0.218971 0.009615 0.020837
20 0.287527 0.201532 0.009348 0.019478
21 0.290064 0.190887 0.007479 0.012683
7 0.377404 0.107087 0.020833 0.036238
6 0.395166 0.107993 0.025908 0.042580
19 0.506410 0.337650 0.009081 0.020837
20 0.500000 0.346257 0.010150 0.019025
20 0.492521 0.357355 0.010150 0.025820
20 0.477831 0.370038 0.009081 0.022196
19 0.465545 0.386119 0.011752 0.020837
19 0.472089 0.381815 0.008280 0.022196
19 0.485443 0.364149 0.009882 0.022196
18 0.453125 0.124753 0.008280 0.015401
18 0.440972 0.115693 0.006410 0.019931
18 0.448184 0.118864 0.007479 0.019025
20 0.600561 0.485547 0.009882 0.014042
20 0.611645 0.506383 0.010684 0.018572
20 0.615919 0.518161 0.010684 0.014042
20 0.625401 0.545339 0.011485 0.017666
20 0.587607 0.548963 0.009081 0.021290
20 0.641026 0.582483 0.012286 0.018572
20 0.657318 0.604452 0.010150 0.019025
20 0.779781 0.775223 0.012019 0.017213
2 0.792334 0.812367 0.013088 0.024461
2 0.803819 0.836375 0.015759 0.023555
2 0.813568 0.860836 0.015491 0.019931
0 0.676816 0.734229 0.009081 0.018572
0 0.689637 0.764352 0.009615 0.020837
0 0.708734 0.775676 0.009882 0.018119
0 0.737046 0.844076 0.009348 0.015401
0 0.722756 0.858344 0.010684 0.019478
15 0.739450 0.671492 0.021100 0.025367
15 0.758681 0.720414 0.017361 0.028084
22 0.774306 0.761634 0.011218 0.016307
0 0.872863 0.968417 0.013889 0.019478