12 0.377183 0.490985 0.016722 0.037548
13 0.488782 0.540072 0.027638 0.050455
13 0.613852 0.587202 0.026477 0.057105
4 0.395415 0.499199 0.021135 0.030508
4 0.436757 0.518755 0.020671 0.035201
6 0.543594 0.559041 0.019742 0.037548
8 0.427467 0.443072 0.005342 0.012125
8 0.433505 0.445419 0.006271 0.013689
8 0.442563 0.448352 0.006735 0.012516
18 0.457079 0.455197 0.006968 0.016818
18 0.465092 0.458130 0.007664 0.013298
19 0.483556 0.466735 0.009755 0.019556
19 0.491801 0.466931 0.008593 0.022294
19 0.500511 0.471624 0.010219 0.021512
19 0.508872 0.475731 0.010219 0.020339
19 0.531865 0.482967 0.009290 0.016818
20 0.518743 0.479838 0.008129 0.020730
22 0.553465 0.496852 0.007432 0.024250
22 0.568794 0.506435 0.005574 0.024641
22 0.575994 0.506239 0.007897 0.021903
22 0.582033 0.507021 0.008826 0.021903
22 0.589697 0.514062 0.008361 0.026597
22 0.603981 0.517973 0.010452 0.025032
19 0.638355 0.524818 0.010452 0.022294
19 0.614316 0.518364 0.008361 0.023468
19 0.563220 0.563539 0.007432 0.018383
21 0.575878 0.563735 0.006735 0.017210
21 0.583426 0.566082 0.007897 0.018774
2 0.385661 0.428796 0.014168 0.025814