19 0.328526 0.682094 0.022436 0.045748
19 0.365118 0.663705 0.019765 0.050233
19 0.383013 0.649353 0.017094 0.050233
19 0.402244 0.636346 0.021368 0.058306
19 0.423878 0.624685 0.017628 0.054718
20 0.589209 0.524219 0.018162 0.056512
20 0.608440 0.513007 0.019231 0.053821
22 0.442041 0.617061 0.012286 0.055615
22 0.461004 0.605848 0.011752 0.051130
22 0.476496 0.594187 0.021368 0.047542
22 0.500000 0.582525 0.018162 0.047542
22 0.515224 0.573555 0.019765 0.051130
22 0.534188 0.565034 0.020299 0.052027
22 0.553953 0.552027 0.020299 0.047542
22 0.630342 0.504485 0.017094 0.052924