22 0.169872 0.664267 0.019231 0.049916
22 0.185363 0.651562 0.012821 0.051731
22 0.200053 0.640671 0.017628 0.049916
22 0.273771 0.604369 0.013355 0.048100
22 0.284722 0.596655 0.012821 0.056268
22 0.294605 0.588487 0.017628 0.061714
22 0.309028 0.576688 0.013355 0.063529
22 0.321581 0.570789 0.011752 0.062621
22 0.334669 0.565798 0.016560 0.061714
22 0.347371 0.561136 0.010981 0.050924
22 0.360280 0.553574 0.017213 0.048907
22 0.372448 0.547523 0.014839 0.052941
22 0.383577 0.538196 0.015729 0.051428
22 0.395151 0.532145 0.014542 0.048403
22 0.409693 0.525086 0.015729 0.046386
22 0.421267 0.520801 0.016322 0.048907
22 0.433879 0.512481 0.015432 0.046386
22 0.445602 0.503406 0.016916 0.043361
22 0.458215 0.499877 0.017213 0.046386
22 0.469640 0.490045 0.017509 0.043865
22 0.498575 0.466095 0.013058 0.046386
22 0.526620 0.445927 0.018697 0.045378
22 0.604226 0.403323 0.016026 0.046890
22 0.672632 0.359710 0.016322 0.042353
22 0.691328 0.353407 0.017509 0.047899
22 0.711212 0.339542 0.014542 0.045378