0 0.383814 0.708062 0.029380 0.040814
0 0.385150 0.610020 0.032051 0.050574
0 0.298611 0.662812 0.030983 0.044363
0 0.231571 0.544807 0.029380 0.051461
0 0.243590 0.487135 0.026709 0.047912
0 0.253739 0.418816 0.027778 0.047912
0 0.269765 0.351828 0.024573 0.043476
0 0.253472 0.294156 0.026175 0.052348
0 0.207265 0.266651 0.024573 0.048799
0 0.168002 0.244470 0.029380 0.057672
0 0.329327 0.318999 0.031517 0.043476
0 0.316506 0.389980 0.026175 0.050574
0 0.311966 0.447652 0.029915 0.045250
0 0.302350 0.504880 0.024573 0.042588
0 0.392895 0.463179 0.033654 0.055010
0 0.388355 0.548799 0.027778 0.045250
0 0.450053 0.471608 0.025107 0.052348
0 0.395032 0.381551 0.030449 0.046137
0 0.397970 0.313232 0.030983 0.042588
0 0.422276 0.235597 0.024038 0.045250
0 0.470353 0.268869 0.025107 0.051461
0 0.512019 0.292382 0.027244 0.050574
0 0.552885 0.322105 0.027778 0.046137
0 0.593483 0.352715 0.027778 0.052348
0 0.634615 0.385544 0.027778 0.045250
0 0.680288 0.418816 0.027244 0.044363
0 0.505342 0.390867 0.025641 0.059446
0 0.572650 0.431681 0.024573 0.050574
0 0.623130 0.493789 0.025107 0.041701
0 0.617788 0.574086 0.024038 0.047912
0 0.615652 0.663256 0.028312 0.050574
0 0.613782 0.740447 0.023504 0.045250
0 0.501603 0.733349 0.030983 0.048799
0 0.493323 0.627322 0.030449 0.046137
0 0.494925 0.563883 0.024038 0.055897
0 0.501335 0.484473 0.029380 0.051461
0 0.793536 0.572312 0.018697 0.033716
0 0.826122 0.586951 0.022970 0.041701
0 0.830395 0.622885 0.018697 0.035490
0 0.834402 0.663699 0.022436 0.030167
0 0.841079 0.700077 0.021902 0.026618
0 0.846688 0.736011 0.019231 0.025730
0 0.849626 0.759523 0.021902 0.035490
0 0.808226 0.755974 0.025641 0.030167
0 0.803953 0.726695 0.018162 0.030167
0 0.802618 0.695197 0.018697 0.031054
0 0.800214 0.661925 0.017094 0.028392
0 0.796474 0.607802 0.020299 0.024843
0 0.778579 0.660594 0.018697 0.032829
0 0.776442 0.697415 0.024038 0.030167
0 0.776976 0.732018 0.024038 0.033716
0 0.776442 0.764403 0.025107 0.034603