0 0.323305 0.341441 0.013840 0.033628
0 0.342730 0.355556 0.015783 0.028646
0 0.363126 0.363029 0.011412 0.024494
0 0.370654 0.388977 0.012869 0.024079
0 0.364583 0.425926 0.015297 0.025740
0 0.360334 0.455194 0.015540 0.022834
0 0.352443 0.483217 0.014326 0.031552
0 0.383766 0.541339 0.012869 0.023249
0 0.387044 0.468894 0.016026 0.025325
0 0.389714 0.439003 0.013112 0.024494
0 0.394206 0.413471 0.016268 0.025740
0 0.396877 0.381089 0.017240 0.027400
0 0.430871 0.374446 0.014326 0.029061
0 0.427350 0.406206 0.013598 0.021173
0 0.426501 0.442947 0.013355 0.022419
0 0.425165 0.482802 0.016026 0.020758
0 0.425772 0.519751 0.013840 0.028231
0 0.425165 0.568532 0.014569 0.022834
0 0.453210 0.455402 0.009470 0.027400
0 0.445319 0.341856 0.016997 0.031967
0 0.465593 0.352650 0.013355 0.025325
0 0.482955 0.365105 0.012141 0.026155
0 0.501166 0.380051 0.014569 0.029476
0 0.523019 0.390222 0.016511 0.029061
0 0.540865 0.406621 0.013840 0.024494
0 0.560412 0.426756 0.013598 0.023249
0 0.482105 0.413471 0.010927 0.024909
0 0.480041 0.453949 0.015540 0.026985
0 0.473485 0.527224 0.014569 0.020758
0 0.475549 0.492143 0.014812 0.022834
0 0.478220 0.572476 0.016268 0.025740
0 0.510392 0.432153 0.013112 0.026570
0 0.536616 0.464535 0.014083 0.024079
0 0.533824 0.498786 0.013355 0.022834
0 0.532488 0.539679 0.011655 0.024079
0 0.532610 0.579741 0.013355 0.020343