1 0.277511 0.664504 0.038996 0.061574
13 0.266391 0.381421 0.028396 0.040630
13 0.513523 0.497507 0.027834 0.044500
13 0.647070 0.664380 0.030646 0.039663
13 0.677857 0.616011 0.025304 0.039663
13 0.785397 0.659060 0.027272 0.040630
13 0.814918 0.658092 0.027272 0.044500
13 0.873679 0.610932 0.028396 0.041114
13 0.937078 0.657850 0.024741 0.044016
11 0.293944 0.381421 0.014901 0.034826
11 0.313765 0.381179 0.019118 0.032407
11 0.331197 0.380211 0.017994 0.034342
11 0.349893 0.379002 0.015463 0.030956
6 0.353408 0.666315 0.024179 0.036761
6 0.385881 0.664138 0.024460 0.042081
6 0.448437 0.666557 0.024179 0.042081
6 0.477395 0.665589 0.025304 0.042081
15 0.510431 0.664380 0.022211 0.034826