13 0.014372 0.383847 0.028744 0.044025
13 0.134692 0.337472 0.023657 0.041033
13 0.166743 0.381283 0.027218 0.041460
13 0.186711 0.443259 0.026964 0.044880
13 0.320640 0.221426 0.025692 0.043170
13 0.402167 0.335548 0.027473 0.037186
13 0.426079 0.336189 0.022385 0.044452
13 0.464744 0.380642 0.027981 0.041888
13 0.531136 0.381710 0.024929 0.044025
14 0.281466 0.223563 0.028744 0.044025
14 0.338192 0.342387 0.027727 0.045735
14 0.369480 0.343028 0.027218 0.044452
14 0.565349 0.382992 0.029253 0.047444
14 0.710979 0.382351 0.029508 0.049581