13 0.470887 0.356934 0.044338 0.080823
13 0.955929 0.581752 0.053953 0.093829
6 0.828526 0.927806 0.053419 0.085468
6 0.884615 0.919445 0.049145 0.081752
6 0.706998 0.918980 0.050748 0.080823
6 0.639690 0.916658 0.047543 0.076178
11 0.527244 0.349966 0.034188 0.065030
11 0.564370 0.355076 0.035791 0.071533
11 0.599359 0.351359 0.034188 0.062243
11 0.633013 0.350430 0.032051 0.062243
12 0.447917 0.201790 0.037927 0.071533
0 0.151976 0.471201 0.022970 0.041805
0 0.161058 0.558063 0.028312 0.035302
1 0.493323 0.907832 0.077457 0.121699
15 0.946848 0.919445 0.031517 0.072462