0 0.178152 0.156565 0.028312 0.047983
0 0.181090 0.223209 0.027778 0.042652
0 0.181891 0.295627 0.030449 0.048872
0 0.186165 0.364936 0.024038 0.036432
0 0.185630 0.433801 0.026175 0.042652
0 0.187767 0.507109 0.027244 0.047095
0 0.299145 0.176558 0.027778 0.043540
0 0.299412 0.247644 0.028312 0.045317
0 0.300481 0.316509 0.028312 0.037320
0 0.353098 0.169005 0.027778 0.047983
0 0.353900 0.232539 0.026175 0.032877
0 0.356571 0.305846 0.027244 0.035543
0 0.304487 0.460014 0.035256 0.041763
0 0.361912 0.462236 0.030449 0.039097
0 0.465278 0.121911 0.023504 0.028434
0 0.468483 0.196107 0.027778 0.043540
0 0.470620 0.278745 0.026709 0.048872
0 0.472222 0.341833 0.021368 0.036432
0 0.473558 0.413364 0.025107 0.037320
0 0.474092 0.480007 0.020833 0.037320
0 0.477297 0.557757 0.027244 0.048872
0 0.690705 0.206770 0.028846 0.048872
0 0.573985 0.376488 0.021902 0.039986
0 0.573718 0.343611 0.022436 0.036432
0 0.574252 0.306735 0.023504 0.037320
0 0.602564 0.302736 0.021368 0.055980
0 0.620994 0.303180 0.018697 0.047983
0 0.605502 0.383152 0.020833 0.049760
0 0.625534 0.391594 0.017094 0.055980
0 0.645299 0.362715 0.022436 0.044429
0 0.644498 0.328061 0.020833 0.037320
0 0.641827 0.290740 0.018697 0.042652
0 0.693376 0.352052 0.034188 0.040875
0 0.692575 0.420028 0.028312 0.048872
0 0.694979 0.492003 0.026709 0.043540
0 0.697382 0.558202 0.028312 0.033766
0 0.699786 0.631509 0.028846 0.041763
0 0.701656 0.706150 0.026175 0.039986
0 0.701122 0.779013 0.027244 0.038209
0 0.793002 0.384041 0.029380 0.047983
0 0.794071 0.439577 0.020833 0.031100
0 0.797810 0.514662 0.026175 0.035543
0 0.797543 0.581749 0.022436 0.032877
0 0.794071 0.656389 0.019765 0.038209
0 0.799679 0.736361 0.023504 0.038209
0 0.803152 0.802116 0.027244 0.031100
0 0.747596 0.854986 0.019765 0.042652
0 0.834669 0.272524 0.020833 0.041763