0 0.361616 0.533937 0.010981 0.021555
0 0.378086 0.535441 0.008903 0.023561
0 0.395448 0.534438 0.009200 0.024563
0 0.405686 0.536694 0.010684 0.024062
0 0.360725 0.569528 0.008013 0.026568
0 0.236081 0.664523 0.009200 0.020052
0 0.263384 0.704876 0.012168 0.022558
0 0.276591 0.704375 0.011871 0.023561
0 0.299887 0.746734 0.012761 0.024062
0 0.315913 0.746734 0.010981 0.024062
0 0.332235 0.748990 0.013948 0.028573
0 0.383132 0.447966 0.010090 0.026067
0 0.491601 0.465009 0.013355 0.025064
0 0.492937 0.430922 0.012464 0.030077
0 0.384319 0.487066 0.007716 0.023059
0 0.395744 0.489823 0.008606 0.026568