1 0.676549 0.140203 0.059295 0.098126
6 0.660256 0.229931 0.055556 0.076026
6 0.727030 0.191476 0.048077 0.069838
6 0.727564 0.282973 0.045940 0.067186
6 0.727297 0.366071 0.055021 0.074258
6 0.547009 0.750620 0.049145 0.065418
6 0.606571 0.755924 0.042201 0.072490
6 0.662660 0.757692 0.043269 0.070722
6 0.721154 0.759460 0.048077 0.077794
5 0.422009 0.611387 0.021368 0.029173
5 0.470085 0.610061 0.016026 0.031825
5 0.467682 0.651610 0.018697 0.031825
5 0.466880 0.691833 0.020299 0.032709
5 0.465812 0.729846 0.019231 0.034477
5 0.430021 0.755482 0.022436 0.032709
5 0.448985 0.758134 0.013355 0.030941
5 0.415865 0.724984 0.016560 0.033593
5 0.419338 0.689181 0.019231 0.032709
5 0.420940 0.650726 0.019231 0.031825
16 0.181090 0.719237 0.037393 0.075142
16 0.205662 0.675478 0.044872 0.074258
16 0.230769 0.719237 0.045940 0.075142