16 0.709936 0.652761 0.016026 0.041055
16 0.723024 0.633189 0.016560 0.036281
16 0.733173 0.655625 0.021902 0.050602
6 0.044605 0.410253 0.024038 0.044874
6 0.048077 0.573039 0.023504 0.042009
6 0.077457 0.578767 0.022436 0.040100
6 0.244925 0.439850 0.026175 0.041055
6 0.942575 0.393545 0.027244 0.047738
6 0.979167 0.373972 0.025641 0.039145
6 0.979968 0.420755 0.024038 0.039145
6 0.977564 0.468493 0.023504 0.041055
6 0.891293 0.669469 0.025107 0.045828
6 0.919071 0.671856 0.024038 0.041055
6 0.948184 0.670901 0.022436 0.039145
6 0.974893 0.673288 0.025641 0.038190
1 0.267628 0.413595 0.035256 0.061104
1 0.951923 0.345329 0.033120 0.050602
5 0.827880 0.594811 0.007790 0.015913
5 0.826433 0.616492 0.009793 0.013924
5 0.825988 0.634393 0.009348 0.015515
5 0.831330 0.672186 0.008903 0.017106
5 0.841680 0.673180 0.009126 0.013526
5 0.851696 0.595606 0.010906 0.018299
5 0.851140 0.617486 0.009793 0.015913
5 0.850917 0.637178 0.009793 0.015515
5 0.850027 0.657666 0.010239 0.014321