6 0.104915 0.490700 0.024786 0.038059
6 0.078205 0.514623 0.020940 0.037334
6 0.126816 0.472214 0.024573 0.036609
6 0.152137 0.450466 0.024786 0.037334
6 0.187821 0.414219 0.021368 0.034435
6 0.383120 0.137293 0.026068 0.041684
6 0.398611 0.338463 0.025000 0.040959
6 0.423718 0.360211 0.025214 0.035884
6 0.313568 0.378697 0.021581 0.035884
6 0.291132 0.402077 0.024145 0.036247
6 0.585791 0.727574 0.023718 0.044221
6 0.637286 0.725580 0.022436 0.046034
6 0.127457 0.540721 0.027137 0.041684
2 0.025534 0.548514 0.016453 0.022473
4 0.060897 0.548877 0.018803 0.028998
4 0.182799 0.287355 0.018590 0.027910
17 0.511218 0.338826 0.008333 0.016311
17 0.518697 0.343357 0.007051 0.016674
17 0.524573 0.349337 0.008974 0.017761
16 0.450427 0.355681 0.017949 0.038422
16 0.476816 0.389209 0.019017 0.038059
16 0.735577 0.346256 0.013462 0.024648
16 0.750000 0.354593 0.014530 0.024648
16 0.765812 0.365286 0.014103 0.025735
16 0.780235 0.375616 0.014744 0.024648
16 0.794231 0.380691 0.013675 0.025373
16 0.806731 0.397002 0.018590 0.022473
16 0.824038 0.329583 0.015598 0.023198
16 0.809829 0.314903 0.013248 0.023561
16 0.797329 0.296961 0.011752 0.023923
16 0.784402 0.279381 0.011966 0.025735
16 0.771047 0.264157 0.011752 0.026460
16 0.758868 0.246215 0.013034 0.025373
16 0.848291 0.427268 0.011966 0.028635
16 0.866667 0.429262 0.012821 0.027548
16 0.882906 0.447385 0.014530 0.026823
16 0.898184 0.459166 0.013034 0.025010
16 0.914316 0.470765 0.014103 0.022836