6 0.200053 0.526563 0.058226 0.076843
16 0.667735 0.190255 0.032051 0.064510
16 0.636752 0.209229 0.024573 0.043639
6 0.488515 0.645623 0.044338 0.087279
6 0.540064 0.599137 0.041667 0.089176
6 0.588675 0.558344 0.042735 0.081587
6 0.636218 0.513282 0.043803 0.084433
6 0.705662 0.431221 0.039530 0.072100
6 0.911859 0.407029 0.043803 0.073049
6 0.961538 0.363390 0.040598 0.065459
2 0.843216 0.502372 0.028312 0.041742
2 0.383013 0.719620 0.025641 0.047434
2 0.461271 0.636610 0.025107 0.050280
6 0.585470 0.703967 0.052350 0.084433
4 0.696314 0.170333 0.033654 0.068305