6 0.082532 0.575167 0.046474 0.081744
6 0.048344 0.168797 0.053953 0.092079
6 0.130075 0.612750 0.047543 0.077985
16 0.716613 0.553086 0.027244 0.058254
16 0.741186 0.591140 0.026175 0.053556
16 0.771902 0.606173 0.028846 0.049798
16 0.800748 0.632011 0.033120 0.052617
16 0.831731 0.649864 0.032051 0.050737
16 0.858974 0.659729 0.027778 0.055435
16 0.883547 0.694024 0.034188 0.045100
16 0.963408 0.750399 0.028312 0.050737
16 0.914263 0.556845 0.025107 0.054496
16 0.887821 0.523490 0.026709 0.055435
16 0.861912 0.487316 0.027244 0.056375
16 0.838942 0.453021 0.029380 0.059194
16 0.812767 0.417786 0.026175 0.058254
16 0.788194 0.383961 0.027244 0.058254
13 0.669338 0.300339 0.045940 0.086442
14 0.626603 0.282017 0.053419 0.089260
14 0.608440 0.384901 0.067308 0.110871
15 0.682959 0.862209 0.037927 0.078925
15 0.733707 0.893685 0.040064 0.083623
17 0.303419 0.576576 0.012821 0.043221
17 0.315171 0.583623 0.017094 0.040402
17 0.327457 0.595837 0.014957 0.036644
17 0.389690 0.634830 0.018697 0.041342