6 0.671474 0.315747 0.043803 0.097125
6 0.669338 0.188151 0.038462 0.089508
6 0.849626 0.265756 0.043269 0.088556
6 0.956731 0.344790 0.043803 0.071416
6 0.716880 0.579033 0.052350 0.079033
6 0.654113 0.661400 0.040064 0.095221
6 0.686432 0.682824 0.043803 0.099982
13 0.075053 0.607124 0.047543 0.099030
16 0.146635 0.403351 0.026175 0.051419
16 0.111378 0.380974 0.025107 0.063798
16 0.079327 0.364310 0.028312 0.064750
16 0.049145 0.323841 0.024573 0.061894
16 0.012286 0.316700 0.024572 0.051419
16 0.206464 0.452390 0.022970 0.058085
16 0.223825 0.444772 0.027778 0.059989
16 0.238248 0.472386 0.028846 0.054276