13 0.057277 0.398810 0.037393 0.053967
13 0.091702 0.402740 0.027896 0.053443
13 0.131915 0.402740 0.025819 0.049251
13 0.163669 0.399072 0.030567 0.051347
13 0.194533 0.401692 0.031755 0.052395
13 0.227178 0.406408 0.027600 0.054491
13 0.290984 0.405622 0.031161 0.049775
13 0.322739 0.404312 0.029974 0.056587
13 0.356422 0.405360 0.029677 0.056587
13 0.387880 0.406932 0.027303 0.055539
13 0.453170 0.408242 0.026709 0.051871
13 0.714922 0.417935 0.030271 0.053443
13 0.752612 0.418459 0.031458 0.048203
13 0.816269 0.421864 0.030567 0.049775
13 0.848172 0.421602 0.030271 0.053443
13 0.879036 0.424222 0.031458 0.051347
13 0.919842 0.227478 0.030567 0.057111