6 0.115444 0.737873 0.024335 0.043261
12 0.445008 0.570936 0.015135 0.041225
12 0.493976 0.547779 0.013948 0.037663
12 0.579446 0.503499 0.013355 0.035627
12 0.615058 0.483396 0.017509 0.039190
12 0.698451 0.432500 0.021664 0.034100
12 0.658535 0.348777 0.024929 0.031555
12 0.726496 0.357429 0.023742 0.030537
12 0.682870 0.267599 0.021368 0.030028
12 0.752612 0.281340 0.021961 0.027993
12 0.774573 0.201943 0.023742 0.033082
12 0.803805 0.117202 0.021071 0.027484
12 0.829624 0.037042 0.021664 0.027993
12 0.761960 0.039841 0.024632 0.024430
12 0.754689 0.013884 0.021961 0.025448