12 0.041082 0.934234 0.015517 0.035710
12 0.124644 0.885921 0.018824 0.031509
12 0.085852 0.797485 0.022131 0.028568
12 0.154915 0.809879 0.024420 0.028988
12 0.111798 0.719553 0.023657 0.028988
12 0.180988 0.730476 0.021622 0.028148
12 0.207443 0.654644 0.023657 0.027728
12 0.236569 0.572721 0.023403 0.029408
12 0.185440 0.465380 0.022385 0.027308
11 0.192816 0.492688 0.025438 0.023947
11 0.458003 0.316868 0.016534 0.036971
12 0.264042 0.490167 0.020859 0.025627
12 0.217618 0.404463 0.022131 0.025627
13 0.294694 0.412445 0.025692 0.036550
6 0.324583 0.382827 0.028490 0.046213
6 0.264042 0.196923 0.026455 0.040752
6 0.286299 0.228853 0.022639 0.043272
6 0.330942 0.170456 0.019333 0.041592
6 0.382199 0.355099 0.027218 0.043692
6 0.411198 0.340605 0.024674 0.044953
6 0.436508 0.328211 0.026455 0.045373
6 0.693173 0.297542 0.023403 0.040332
12 0.855846 0.420217 0.013482 0.037811
12 0.874288 0.430510 0.019333 0.036550
12 0.893875 0.442274 0.020859 0.027308
12 0.768976 0.331782 0.014245 0.034870
13 0.630469 0.317078 0.025692 0.041592
5 0.904050 0.472312 0.009158 0.016805
5 0.910663 0.456768 0.007631 0.016805
5 0.916005 0.440173 0.008649 0.016385
5 0.922237 0.426309 0.009412 0.014704
5 0.928342 0.412235 0.008394 0.015124
5 0.945767 0.435552 0.008649 0.013024
5 0.939535 0.453827 0.009412 0.016805
5 0.933430 0.466851 0.008903 0.012604
5 0.928088 0.482815 0.009921 0.015124
5 0.922492 0.499200 0.009921 0.014284
5 0.958104 0.418117 0.008394 0.020166
11 0.761091 0.355099 0.017298 0.036130