11 0.525107 0.464812 0.028846 0.076859
13 0.252404 0.381007 0.058226 0.079637
6 0.384615 0.342578 0.047009 0.087971
12 0.726496 0.612048 0.028846 0.086119
12 0.767895 0.633346 0.029380 0.069451
11 0.805823 0.656033 0.043269 0.059265
5 0.878205 0.593064 0.016026 0.037041
5 0.866186 0.624549 0.015491 0.035188
5 0.853098 0.658348 0.021368 0.032410
5 0.841346 0.688444 0.019231 0.035188
5 0.829060 0.725947 0.018162 0.037967
5 0.866186 0.777341 0.018697 0.029632
5 0.877137 0.745856 0.016026 0.033336
5 0.891026 0.711131 0.019231 0.037967
5 0.904647 0.679184 0.017628 0.035188
5 0.914797 0.647236 0.012286 0.032410
5 0.942842 0.605565 0.017094 0.037967