12 0.037660 0.879050 0.043269 0.083936
12 0.149306 0.806722 0.042201 0.076792
12 0.266293 0.734395 0.031517 0.080364
12 0.383547 0.663407 0.029915 0.077685
12 0.374199 0.406242 0.040064 0.083043
12 0.267361 0.441066 0.038996 0.077685
13 0.501603 0.598223 0.056624 0.095544
6 0.571047 0.621885 0.056624 0.083936
6 0.694979 0.714750 0.054487 0.105366
6 0.755609 0.757164 0.051816 0.104473
6 0.810897 0.793775 0.056624 0.088400
6 0.643429 0.274981 0.059295 0.093758
6 0.632479 0.167383 0.059829 0.094651
6 0.764690 0.280339 0.057158 0.093758
11 0.257212 0.491517 0.042201 0.064291