12 0.037126 0.802599 0.018697 0.038807
12 0.138088 0.783195 0.015491 0.036959
12 0.177885 0.777652 0.019231 0.048046
12 0.275908 0.750395 0.021902 0.037883
12 0.240385 0.636285 0.019231 0.040654
12 0.312767 0.673244 0.019765 0.035111
12 0.278312 0.562368 0.024573 0.042502
12 0.350962 0.598402 0.018162 0.036959
12 0.388622 0.523099 0.019765 0.037883
12 0.428152 0.439942 0.020833 0.039731
12 0.466079 0.362791 0.021902 0.038807
12 0.387286 0.311973 0.024573 0.038807
12 0.429220 0.255611 0.022970 0.035111
12 0.965545 0.414071 0.022970 0.034187
13 0.509348 0.287488 0.026175 0.050818
13 0.873665 0.296266 0.031517 0.046198
6 0.543002 0.262541 0.031517 0.052666
6 0.607105 0.257459 0.028312 0.049894
6 0.639156 0.245910 0.025107 0.050818
6 0.669071 0.244062 0.028312 0.052666
6 0.522436 0.080982 0.027778 0.046198
6 0.500801 0.038941 0.028312 0.050818
6 0.573718 0.035245 0.026709 0.048970
6 0.936966 0.305505 0.024573 0.046198
15 0.942575 0.381732 0.018697 0.047122
11 0.390224 0.337382 0.025107 0.024947