12 0.106571 0.462400 0.022970 0.044936
12 0.181891 0.461942 0.025107 0.040351
12 0.224359 0.462859 0.019231 0.033014
12 0.320513 0.459649 0.023504 0.043102
12 0.347756 0.460566 0.021368 0.039434
12 0.372329 0.462400 0.018162 0.041268
12 0.401175 0.461483 0.023504 0.035766
12 0.422009 0.460566 0.017094 0.041268
12 0.446848 0.461942 0.017628 0.040351
12 0.474359 0.461025 0.019231 0.038517
12 0.511218 0.470654 0.016026 0.044936
12 0.572917 0.388118 0.021902 0.044936
12 0.542201 0.312918 0.021368 0.041268
12 0.629541 0.580702 0.020833 0.048605
12 0.676015 0.580702 0.015491 0.041268
12 0.709135 0.582995 0.020833 0.042185
12 0.745192 0.584370 0.012821 0.039434
12 0.819177 0.586204 0.020833 0.048605
12 0.854968 0.588038 0.021902 0.041268
12 0.887821 0.589414 0.020299 0.042185