1 0.364850 0.640731 0.077991 0.113493
1 0.462340 0.388777 0.080662 0.118033
21 0.615385 0.392409 0.017094 0.030870
21 0.630342 0.390593 0.016026 0.032686
21 0.644765 0.394678 0.014957 0.031778
21 0.663194 0.389231 0.011218 0.028146
21 0.744124 0.384237 0.017094 0.029054
21 0.756410 0.371072 0.012821 0.026330
21 0.771100 0.357453 0.012286 0.029962
21 0.783921 0.344287 0.014423 0.027238
21 0.520566 0.662522 0.012286 0.028146
21 0.537927 0.666608 0.012821 0.032686
21 0.553419 0.663430 0.013889 0.024515
21 0.572115 0.655713 0.012821 0.025422