1 0.176816 0.682302 0.030983 0.057957
1 0.138622 0.637517 0.028312 0.056903
1 0.108707 0.520548 0.027244 0.059011
1 0.154647 0.459430 0.026175 0.056903
1 0.177885 0.419914 0.026709 0.060065
1 0.198985 0.471548 0.028312 0.047420
1 0.175214 0.513172 0.030983 0.054796
1 0.212340 0.632248 0.026175 0.054796
1 0.192842 0.573764 0.032051 0.049527
1 0.957799 0.427290 0.033120 0.062172
1 0.904113 0.299257 0.033654 0.056903
6 0.635150 0.817184 0.021368 0.043204
21 0.988121 0.291035 0.009412 0.015054
21 0.991682 0.279995 0.008394 0.015054
21 0.994098 0.263687 0.006105 0.017563
21 0.993971 0.246877 0.005851 0.016057
21 0.929360 0.165586 0.006359 0.015054
21 0.932158 0.147271 0.006359 0.013548
21 0.935338 0.134475 0.006105 0.011039
21 0.936737 0.119421 0.006359 0.017061
21 0.947039 0.048668 0.007123 0.013047
21 0.944750 0.035370 0.006105 0.011541
21 0.943351 0.020066 0.007377 0.017061
21 0.941570 0.005765 0.005851 0.010538