2 0.513088 0.750861 0.026175 0.066141
19 0.688509 0.669634 0.021368 0.044094
19 0.706612 0.638139 0.018993 0.040944
19 0.726792 0.618191 0.023742 0.040944
19 0.742818 0.590108 0.016619 0.033070
19 0.756024 0.568849 0.015729 0.036745
19 0.816566 0.493259 0.021664 0.044094
19 0.848469 0.437880 0.018400 0.040419
19 0.322887 0.214262 0.024929 0.036220
19 0.584491 0.154158 0.022258 0.039894
20 0.640729 0.079619 0.018400 0.037795
19 0.276887 0.114001 0.026116 0.035170
18 0.615503 0.245232 0.020774 0.023622
18 0.633903 0.246545 0.017213 0.026246
18 0.653787 0.251532 0.018400 0.026771
18 0.250475 0.112427 0.019587 0.034120
18 0.091702 0.348643 0.016619 0.027821
18 0.088735 0.322396 0.015432 0.029921