18 0.202610 0.526062 0.006359 0.014254
18 0.194216 0.529180 0.007886 0.014254
18 0.175773 0.494660 0.009158 0.016481
18 0.167252 0.497332 0.008394 0.012917
18 0.218000 0.482410 0.008649 0.014254
18 0.216473 0.467711 0.008140 0.013363
18 0.192053 0.451453 0.007631 0.012917
18 0.191417 0.479292 0.006868 0.015144
18 0.198031 0.489760 0.008394 0.012026
20 0.233516 0.383304 0.011701 0.021826
20 0.266077 0.375063 0.009158 0.017817
20 0.552376 0.775499 0.009412 0.023162
2 0.661884 0.547665 0.012719 0.026280
19 0.759819 0.357914 0.011193 0.020935
19 0.789835 0.351901 0.012210 0.020490
18 0.760200 0.404238 0.007377 0.015590
18 0.766433 0.410920 0.006614 0.012026
18 0.772538 0.418937 0.008140 0.012917
19 0.735144 0.583522 0.010684 0.021380
19 0.744811 0.579067 0.010175 0.023162
19 0.754604 0.577954 0.008903 0.021826
19 0.763889 0.574168 0.008649 0.021380
19 0.802300 0.567486 0.009666 0.020490
19 0.821505 0.558578 0.011956 0.017817