17 0.041311 0.136642 0.014245 0.036623
17 0.058226 0.139799 0.013889 0.037886
17 0.076745 0.140747 0.016738 0.037254
17 0.023682 0.048557 0.019587 0.044832
17 0.039352 0.047926 0.017450 0.042306
17 0.053597 0.048873 0.016738 0.042937
17 0.069088 0.051083 0.016382 0.038517
17 0.083155 0.052662 0.015313 0.040412
17 0.098825 0.052662 0.015313 0.039149
17 0.111289 0.054872 0.015313 0.041043
17 0.126068 0.055819 0.014957 0.041675
17 0.140313 0.055188 0.016382 0.037886
17 0.396724 0.897518 0.013533 0.037886
17 0.423077 0.902254 0.012821 0.035992
17 0.438212 0.905411 0.014601 0.034729
17 0.451389 0.904779 0.013889 0.035992
17 0.467236 0.906358 0.016382 0.036623
17 0.483796 0.907621 0.015313 0.036623
17 0.496617 0.908568 0.015313 0.033466
17 0.510862 0.910778 0.013889 0.034097
17 0.524038 0.910778 0.016026 0.039149
17 0.550570 0.909199 0.015670 0.041043
17 0.569623 0.904779 0.013889 0.034729
17 0.592236 0.906358 0.014957 0.035360
17 0.432870 0.813537 0.017450 0.041675
17 0.448006 0.817642 0.014957 0.038517
17 0.462429 0.819536 0.016026 0.039780
17 0.476852 0.819852 0.014957 0.035360
17 0.490385 0.821746 0.014245 0.037886
17 0.504630 0.820483 0.017094 0.032834
17 0.546296 0.824903 0.015670 0.039149
17 0.567308 0.823956 0.015670 0.034729
22 0.269409 0.065922 0.012464 0.039149
22 0.279202 0.075393 0.012821 0.041675
22 0.292023 0.065922 0.011396 0.041675
22 0.304665 0.069395 0.013177 0.042306
22 0.316952 0.070658 0.014245 0.041043
22 0.339922 0.072868 0.011752 0.046726
22 0.779558 0.836900 0.011396 0.044200
22 0.792023 0.839110 0.013533 0.044832
0 0.489494 0.164425 0.016026 0.036623
0 0.519231 0.165688 0.017806 0.039149
0 0.641916 0.048873 0.023860 0.044200
0 0.687678 0.052662 0.022080 0.042937
0 0.694266 0.827113 0.018875 0.053672
0 0.714387 0.829323 0.018519 0.042937
0 0.735577 0.832165 0.021011 0.041043
0 0.693020 0.923722 0.020655 0.049883
0 0.714922 0.923407 0.020299 0.047989
18 0.901175 0.847635 0.013177 0.027783
18 0.913283 0.846372 0.011752 0.031572
18 0.924858 0.848582 0.012821 0.029677
18 0.935363 0.848266 0.013177 0.029046
18 0.947472 0.849213 0.013177 0.029677
18 0.970442 0.853002 0.012821 0.028414
18 0.329950 0.806907 0.012464 0.030940
18 0.319088 0.804382 0.012108 0.032203
18 0.307692 0.804697 0.014245 0.032834
18 0.296118 0.766054 0.013889 0.039401
18 0.282407 0.801540 0.013533 0.031572
18 0.269053 0.799646 0.012464 0.035360
18 0.258369 0.799646 0.013177 0.035360
18 0.246973 0.798067 0.014601 0.034729
18 0.233974 0.798383 0.012821 0.031572
18 0.220264 0.797752 0.013177 0.031572
18 0.209580 0.797436 0.013177 0.030940
18 0.198184 0.796173 0.013889 0.030940
18 0.186610 0.793647 0.015670 0.032203
18 0.174679 0.793963 0.012464 0.030309
18 0.163105 0.792384 0.012108 0.032203
18 0.150819 0.791122 0.013177 0.032203
18 0.139482 0.791606 0.010684 0.031572
18 0.128502 0.790816 0.013058 0.031045
18 0.115444 0.790553 0.012464 0.035781
18 0.105057 0.789238 0.013058 0.032098
18 0.092147 0.788185 0.013948 0.029993
18 0.082057 0.870798 0.012168 0.036307
18 0.093631 0.873692 0.013948 0.035781
18 0.103870 0.872902 0.013058 0.034203
18 0.117967 0.873429 0.013948 0.034203
18 0.129837 0.873692 0.013948 0.033676
18 0.142450 0.873429 0.011871 0.034203
18 0.155953 0.876849 0.012168 0.033676
18 0.167082 0.877112 0.013058 0.029993
18 0.179101 0.885531 0.015135 0.032098
18 0.191714 0.886584 0.013651 0.033150
18 0.203585 0.887899 0.013651 0.028414
18 0.215753 0.888951 0.013058 0.031572
18 0.229552 0.890004 0.012168 0.028414
18 0.240830 0.889478 0.011574 0.031572
18 0.252849 0.889478 0.011871 0.030519
18 0.262494 0.891845 0.012761 0.031045
18 0.275997 0.891056 0.013651 0.032624
18 0.288610 0.890267 0.012761 0.034203
18 0.300629 0.893424 0.014245 0.032098
18 0.314577 0.893687 0.011871 0.031572
18 0.326893 0.893950 0.013948 0.031045
21 0.762257 0.921312 0.018697 0.029993
21 0.791785 0.923943 0.016619 0.025783
21 0.992551 0.201217 0.014542 0.023153
19 0.740889 0.182800 0.016322 0.039991
19 0.757657 0.185168 0.013058 0.042622
19 0.773682 0.187273 0.015432 0.035255
19 0.788669 0.188588 0.014542 0.037886
19 0.804695 0.190430 0.015729 0.039465
19 0.818792 0.188325 0.016619 0.036307
19 0.834520 0.189903 0.018400 0.039465
19 0.881113 0.194639 0.016026 0.039465
19 0.930823 0.192534 0.015135 0.039465
20 0.961984 0.199901 0.013355 0.036307
19 0.977416 0.197533 0.014542 0.033676
2 0.556594 0.167014 0.032942 0.038938
2 0.599626 0.167803 0.031161 0.042622
2 0.631232 0.166225 0.027896 0.041569
19 0.904262 0.936572 0.015432 0.036307
19 0.875030 0.933941 0.016916 0.040517
19 0.859004 0.932889 0.016916 0.039465
19 0.843424 0.932625 0.013651 0.038938
19 0.820275 0.931047 0.016026 0.039991
19 0.805734 0.930784 0.013651 0.038412
19 0.368293 0.074667 0.016619 0.040517
19 0.353603 0.074667 0.013355 0.042622