19 0.222788 0.173557 0.020111 0.039013
19 0.273536 0.171661 0.017283 0.036304
20 0.304959 0.175996 0.016026 0.035220
19 0.321770 0.177350 0.016968 0.036845
19 0.172511 0.171119 0.017597 0.041722
19 0.157271 0.167326 0.014769 0.039555
19 0.143288 0.167326 0.017597 0.039555
19 0.126634 0.166242 0.017597 0.039555
19 0.111080 0.164346 0.017283 0.039013
19 0.095211 0.164617 0.016340 0.036304
20 0.078086 0.161366 0.017283 0.043889
19 0.241956 0.918051 0.016340 0.039013
19 0.212733 0.915071 0.018854 0.039555
19 0.196236 0.915071 0.013512 0.036304
19 0.179739 0.913174 0.015711 0.043348
19 0.156329 0.913987 0.012883 0.038471
19 0.141717 0.912633 0.015083 0.039013
0 0.048077 0.905859 0.018225 0.041722
0 0.023724 0.904505 0.019168 0.041180
0 0.026552 0.808328 0.019168 0.043889
0 0.048391 0.809140 0.020739 0.042264
0 0.070073 0.812391 0.021368 0.042264
0 0.023567 0.030511 0.028909 0.046599
22 0.114850 0.818081 0.012255 0.041722
22 0.128048 0.817810 0.014140 0.045515
18 0.240070 0.826750 0.013826 0.028718
18 0.252640 0.827021 0.012569 0.032511
18 0.264580 0.827834 0.011312 0.031969
18 0.276364 0.829730 0.012255 0.029260
18 0.289247 0.830001 0.013512 0.028718
18 0.312186 0.832981 0.014140 0.030343
18 0.528375 0.196044 0.012883 0.029801
18 0.541887 0.194960 0.010998 0.035220
18 0.568125 0.201191 0.011312 0.031427
18 0.554299 0.195773 0.012569 0.030343
18 0.586036 0.202546 0.013826 0.033052
18 0.597819 0.203088 0.011626 0.030885
18 0.609917 0.204172 0.011312 0.029801
18 0.626257 0.196857 0.013198 0.032511
18 0.646525 0.204442 0.013512 0.034678
18 0.658465 0.205526 0.011626 0.032511
18 0.670406 0.202275 0.012255 0.033594
18 0.682347 0.201462 0.012883 0.031969
18 0.694444 0.206610 0.012569 0.030343
18 0.754305 0.141318 0.018539 0.027634
17 0.755405 0.185478 0.021996 0.027092
18 0.550999 0.108536 0.012255 0.029260
18 0.532774 0.105827 0.015397 0.029260
21 0.474956 0.194147 0.016026 0.031427
21 0.336696 0.175996 0.015397 0.028718
21 0.367804 0.180601 0.016654 0.027092
21 0.383358 0.181956 0.013826 0.029801
21 0.398127 0.183581 0.015711 0.027634
21 0.412896 0.184394 0.017597 0.029260
21 0.444790 0.188458 0.012883 0.025467
21 0.460816 0.191167 0.012883 0.028718
21 0.491610 0.101763 0.018539 0.026550
21 0.475899 0.100950 0.014140 0.029260
21 0.460816 0.102305 0.014140 0.026550
21 0.444790 0.100408 0.017283 0.030343
21 0.429707 0.099054 0.014769 0.026550
21 0.413524 0.097699 0.015083 0.030343