21 0.365084 0.506158 0.020366 0.034326
21 0.388288 0.501009 0.019364 0.033182
21 0.415331 0.506158 0.025374 0.036615
21 0.439870 0.505872 0.023037 0.036043
17 0.241887 0.503870 0.015692 0.048057
17 0.262921 0.505872 0.020366 0.045196
17 0.289797 0.506730 0.017361 0.046913
20 0.588775 0.512452 0.019698 0.049201
20 0.612146 0.508447 0.019698 0.046913
20 0.639189 0.507589 0.019698 0.048629
19 0.689103 0.511307 0.018697 0.042336
20 0.761051 0.507589 0.019698 0.048629
19 0.711305 0.508161 0.021034 0.042908
19 0.738348 0.510449 0.019030 0.045196
19 0.787927 0.507017 0.017361 0.044052
19 0.809796 0.507875 0.019030 0.044624