19 0.655666 0.463622 0.010684 0.024286
19 0.666251 0.461912 0.010090 0.022918
19 0.681090 0.462083 0.010486 0.023260
19 0.706414 0.461228 0.010486 0.025655
19 0.717692 0.460715 0.009299 0.023944
20 0.604721 0.466017 0.010486 0.027023
20 0.616789 0.464991 0.012860 0.027023
20 0.630738 0.461912 0.011871 0.021550
20 0.691774 0.461570 0.011673 0.028391
20 0.112773 0.815945 0.011871 0.020182
17 0.428142 0.467727 0.009101 0.024286
17 0.439914 0.467898 0.009695 0.021892
17 0.453367 0.468411 0.010486 0.022918
21 0.490662 0.467043 0.009101 0.018813
21 0.503324 0.464649 0.009497 0.017445
21 0.516481 0.464991 0.011277 0.017445
21 0.529440 0.465162 0.012662 0.017103