18 0.138773 0.811024 0.006735 0.020864
18 0.146205 0.810623 0.007664 0.020864
18 0.153056 0.810623 0.009755 0.020864
18 0.159792 0.810021 0.010219 0.020463
18 0.167224 0.810021 0.009755 0.018858
18 0.174889 0.810222 0.008361 0.020062
18 0.182669 0.809219 0.008129 0.020463
18 0.189172 0.808015 0.008129 0.019661
18 0.195792 0.813833 0.009290 0.021667
18 0.204849 0.813833 0.007897 0.019259
18 0.211701 0.813432 0.008593 0.019259
18 0.218553 0.813432 0.009755 0.020062
18 0.227030 0.812228 0.008129 0.018457
18 0.234346 0.812629 0.007432 0.020864
18 0.240965 0.811225 0.008593 0.020463
18 0.247817 0.811626 0.007897 0.019661
18 0.254901 0.812028 0.008593 0.019661
18 0.262797 0.811225 0.007200 0.018858
18 0.271042 0.810021 0.006968 0.019661
18 0.278242 0.810423 0.007432 0.020463
18 0.286255 0.811225 0.008129 0.018858
18 0.142605 0.761471 0.006503 0.019661
18 0.151198 0.760067 0.006968 0.016852
18 0.157585 0.760268 0.006735 0.018056
18 0.165598 0.759265 0.006039 0.017655
18 0.172450 0.760870 0.006735 0.020062
18 0.179069 0.759465 0.007897 0.018056
18 0.186385 0.759465 0.006735 0.017253
18 0.193121 0.759265 0.008593 0.020062
18 0.199856 0.760468 0.007200 0.019259
18 0.206475 0.758863 0.006968 0.017655
18 0.213095 0.759666 0.008129 0.019259
18 0.219714 0.759265 0.007897 0.018457
18 0.227494 0.759465 0.008593 0.017253
18 0.235391 0.759265 0.009058 0.018457
18 0.242707 0.758663 0.007897 0.018858
18 0.248862 0.757660 0.008593 0.019259
18 0.256991 0.758061 0.007664 0.019259
18 0.264539 0.757459 0.006968 0.020463
18 0.272204 0.758061 0.007432 0.018457
18 0.279171 0.757459 0.006968 0.019661
18 0.285907 0.757258 0.008361 0.019259
17 0.326319 0.807614 0.009290 0.025278
17 0.343738 0.808216 0.010219 0.023272
17 0.352216 0.809219 0.008129 0.023673
17 0.361622 0.808216 0.009755 0.024074
17 0.369867 0.807213 0.008593 0.023673
17 0.379738 0.807815 0.008361 0.028087
17 0.387170 0.807815 0.008826 0.023272
17 0.395648 0.807614 0.008129 0.022871
17 0.403080 0.807614 0.009058 0.022068
17 0.419221 0.806811 0.010684 0.024476
17 0.431067 0.801595 0.008361 0.024476
17 0.444305 0.800993 0.008826 0.022469
17 0.415622 0.756055 0.009058 0.024074
17 0.427815 0.755653 0.008826 0.021667
17 0.347338 0.757860 0.009522 0.023673
17 0.356512 0.758462 0.007897 0.023272
17 0.365222 0.757058 0.008129 0.022068
17 0.374164 0.756456 0.009290 0.025679
17 0.382293 0.756857 0.009755 0.024877
17 0.390306 0.757258 0.009987 0.024877
17 0.101380 0.384708 0.010452 0.022871
17 0.111599 0.385711 0.009058 0.024074
17 0.123676 0.385310 0.010452 0.019259
17 0.089651 0.334954 0.008826 0.022871
17 0.098941 0.333550 0.009755 0.021667
17 0.107767 0.333550 0.009290 0.021667
17 0.115663 0.333149 0.009755 0.023272
17 0.125534 0.332948 0.009987 0.023673
17 0.132850 0.332146 0.009290 0.022871
17 0.142489 0.331343 0.009522 0.020463
17 0.151431 0.332748 0.009290 0.024877
17 0.159211 0.332146 0.011381 0.025278
17 0.185456 0.294630 0.013239 0.017655
22 0.236552 0.331143 0.006735 0.028087
22 0.243056 0.336559 0.006735 0.024476
22 0.249675 0.330139 0.007432 0.022871
22 0.257339 0.330942 0.008826 0.027685
22 0.265933 0.331343 0.009755 0.024476
22 0.278358 0.330942 0.008129 0.026883
22 0.220411 0.258920 0.008361 0.028087
2 0.226914 0.285401 0.013935 0.031297
2 0.409931 0.373072 0.019045 0.027685
2 0.436176 0.371868 0.014864 0.028488
2 0.455569 0.368057 0.019277 0.024877
20 0.295429 0.330942 0.008826 0.022871
20 0.286720 0.332948 0.007664 0.028488
20 0.521066 0.373072 0.009522 0.026883
19 0.531749 0.373473 0.009987 0.022068
19 0.540343 0.371668 0.008129 0.024877
19 0.549285 0.371266 0.010219 0.023272
19 0.557878 0.371066 0.007897 0.023673
19 0.567865 0.371668 0.008361 0.019259
19 0.576459 0.371868 0.010684 0.022068
19 0.604678 0.369461 0.009522 0.024476
19 0.635335 0.369461 0.010452 0.026081
19 0.653335 0.369260 0.008361 0.021667
19 0.663206 0.367856 0.008593 0.022068
21 0.671219 0.366050 0.008826 0.015247
21 0.689103 0.368658 0.007432 0.014846
21 0.697696 0.367856 0.008826 0.014043
21 0.706754 0.367655 0.009755 0.016852
21 0.715464 0.367856 0.009522 0.017253
21 0.733696 0.369060 0.008361 0.017253
21 0.741708 0.368859 0.008593 0.016852
21 0.751231 0.369461 0.009058 0.016451
21 0.713954 0.317500 0.008361 0.018457
21 0.722431 0.315895 0.009522 0.016852
21 0.732070 0.316297 0.009290 0.015247
21 0.741012 0.315494 0.008593 0.016050
21 0.750070 0.314892 0.007664 0.016451
21 0.759128 0.313488 0.009987 0.019259
18 0.783631 0.314291 0.007897 0.018457
18 0.782585 0.369260 0.007664 0.019259
18 0.793850 0.314692 0.008826 0.019259
18 0.790018 0.367655 0.008129 0.020864
18 0.797450 0.366050 0.009522 0.017655
18 0.805579 0.368859 0.007664 0.016050
18 0.816146 0.368658 0.007897 0.018858
18 0.822766 0.367856 0.008593 0.018056
18 0.829617 0.368859 0.006968 0.018457
18 0.838095 0.364245 0.007664 0.018858
18 0.850869 0.367655 0.008129 0.019259
18 0.857836 0.367053 0.007664 0.020463
18 0.864920 0.364646 0.007432 0.020463
18 0.871307 0.364044 0.009058 0.020864
18 0.878739 0.367254 0.007664 0.019259
18 0.912300 0.323720 0.014400 0.017253
17 0.914158 0.351205 0.015793 0.017655
18 0.669361 0.748431 0.007432 0.017655
18 0.656122 0.748632 0.008361 0.018056
18 0.648806 0.748832 0.006735 0.019259
18 0.641839 0.748431 0.007664 0.017655
18 0.635103 0.749635 0.007664 0.017655
18 0.628368 0.748231 0.008593 0.019661
22 0.562639 0.751240 0.007200 0.025679
22 0.555207 0.751240 0.007200 0.025679
21 0.545685 0.799188 0.008129 0.015648
21 0.564149 0.801395 0.008826 0.017655
19 0.572394 0.803200 0.007664 0.024476
19 0.580755 0.804203 0.008593 0.024877
19 0.594923 0.801997 0.009522 0.025278
19 0.604678 0.803200 0.008593 0.022871
19 0.613736 0.801997 0.009058 0.022871
19 0.631503 0.802398 0.011148 0.025278