8 0.048705 0.559615 0.014454 0.029652
8 0.065674 0.557968 0.015711 0.030751
8 0.080914 0.554673 0.012883 0.026358
8 0.093326 0.554124 0.015083 0.028554
8 0.105895 0.554124 0.014454 0.026358
8 0.120821 0.555497 0.014140 0.029103
8 0.135118 0.555772 0.013826 0.030751
8 0.149258 0.553301 0.011941 0.029103
8 0.162927 0.550006 0.015397 0.029103
8 0.177853 0.552477 0.013198 0.027456
8 0.148787 0.653789 0.014769 0.028005
8 0.164498 0.650769 0.012255 0.034045
8 0.108095 0.653240 0.014454 0.030201
8 0.093483 0.653514 0.012255 0.028554
8 0.078871 0.655162 0.012569 0.029652
8 0.065045 0.653514 0.012569 0.029652
8 0.234571 0.554948 0.013512 0.029103
8 0.250283 0.553026 0.015397 0.027456
8 0.271650 0.554948 0.013512 0.026907
8 0.286576 0.553301 0.014454 0.031300
8 0.299774 0.552477 0.013826 0.028554
8 0.194507 0.651043 0.013198 0.028005
8 0.210219 0.655436 0.018225 0.030201
8 0.222474 0.656535 0.011941 0.028005
8 0.236300 0.656809 0.013826 0.028554
8 0.250283 0.653514 0.013512 0.028554
8 0.279035 0.650769 0.012569 0.030751
8 0.294589 0.650769 0.012255 0.031849
8 0.371418 0.648023 0.015711 0.031849
8 0.386815 0.649671 0.013198 0.036242
8 0.400641 0.545888 0.012569 0.027456
8 0.414310 0.546437 0.013512 0.027456
8 0.429707 0.546437 0.014140 0.025259
8 0.443847 0.546711 0.014140 0.030201
8 0.459245 0.544789 0.012255 0.028554
8 0.472285 0.545613 0.013198 0.029103
8 0.487525 0.546162 0.014140 0.030201
8 0.514706 0.544515 0.014454 0.030201
8 0.852658 0.538474 0.013512 0.028005
8 0.838204 0.539024 0.012255 0.030201
8 0.823592 0.539573 0.015711 0.029103
8 0.809452 0.539298 0.011312 0.026358
8 0.796883 0.539298 0.013826 0.031849
8 0.782114 0.539847 0.014454 0.032947
8 0.766560 0.539298 0.015397 0.031849
8 0.751477 0.539298 0.012255 0.029652
8 0.737965 0.540396 0.014769 0.032947
8 0.703871 0.542044 0.013826 0.029652
8 0.688160 0.543417 0.013198 0.030201
8 0.673548 0.541220 0.013512 0.030201
8 0.658622 0.542593 0.012569 0.029652
8 0.643225 0.543417 0.010684 0.028005
8 0.631127 0.542593 0.015397 0.028554
8 0.617144 0.542593 0.013198 0.027456
8 0.601904 0.541495 0.013512 0.026358
8 0.587293 0.543966 0.013826 0.029103
8 0.573152 0.543966 0.011941 0.028005
8 0.559798 0.544240 0.012883 0.028554
8 0.545343 0.546437 0.013512 0.032947
8 0.430178 0.647474 0.014454 0.029652
8 0.444633 0.646376 0.013198 0.029652
8 0.460030 0.648023 0.012569 0.027456
8 0.472914 0.646101 0.013198 0.029103
8 0.487682 0.645827 0.012569 0.027456
8 0.925559 0.637315 0.012883 0.028005
8 0.910633 0.637590 0.013826 0.030751
8 0.895865 0.638414 0.011312 0.025808
8 0.882196 0.639786 0.014769 0.029652
8 0.868213 0.639237 0.013198 0.032947
8 0.854544 0.640336 0.013512 0.029652
8 0.838989 0.639786 0.012569 0.035143
8 0.824692 0.640885 0.016026 0.030751
8 0.809452 0.642257 0.015711 0.033496
8 0.796883 0.640885 0.012569 0.031849
8 0.782114 0.640336 0.014454 0.034045
8 0.766560 0.641983 0.014769 0.030751
8 0.753519 0.642257 0.015083 0.033496
8 0.738908 0.640610 0.012255 0.029103
8 0.725710 0.642532 0.013512 0.030751
8 0.710784 0.641983 0.012569 0.030751
8 0.695230 0.644179 0.014140 0.029652
8 0.638512 0.643356 0.011312 0.029103
8 0.625786 0.643630 0.013512 0.029652
8 0.614002 0.644729 0.011941 0.027456
8 0.600962 0.645552 0.011626 0.028005
8 0.588078 0.644729 0.013512 0.027456
8 0.573467 0.645827 0.013826 0.031849
8 0.559483 0.644729 0.012883 0.028554
8 0.545029 0.643905 0.014140 0.029103
8 0.530574 0.646925 0.016654 0.035143
8 0.515491 0.645552 0.012883 0.030201