8 0.270690 0.499134 0.007602 0.012545
8 0.332121 0.498597 0.008424 0.017922
8 0.325444 0.496804 0.007807 0.014338
8 0.317842 0.498417 0.006575 0.014696
8 0.311575 0.499134 0.006780 0.013262
8 0.304898 0.498059 0.006575 0.013979
8 0.297913 0.499314 0.006575 0.015055
8 0.291543 0.499314 0.006986 0.015055
8 0.284763 0.500030 0.007807 0.015055
8 0.277572 0.500030 0.006575 0.011470
8 0.284969 0.546449 0.006575 0.014696
8 0.277264 0.545194 0.007602 0.017922
8 0.291954 0.545015 0.006164 0.014696
8 0.298632 0.544298 0.005958 0.014696
8 0.325444 0.545732 0.006986 0.014696
8 0.317636 0.545194 0.007396 0.015771
8 0.339723 0.546269 0.005958 0.015055
8 0.365919 0.544477 0.006164 0.014338
8 0.359344 0.547524 0.005753 0.016847
8 0.352667 0.545553 0.006369 0.016488
8 0.345989 0.546269 0.005753 0.013621
8 0.359139 0.497521 0.006164 0.013621
8 0.366638 0.498059 0.006780 0.012545
8 0.375678 0.497880 0.006369 0.013621
8 0.383074 0.497163 0.005958 0.014338
8 0.389855 0.497163 0.006369 0.012904
8 0.379479 0.543760 0.006164 0.014338
8 0.387081 0.544298 0.007396 0.012545
8 0.430946 0.543223 0.007191 0.013979
8 0.423036 0.543940 0.006986 0.016130
8 0.437315 0.494116 0.008013 0.015413
8 0.443787 0.493758 0.007807 0.014696
8 0.450875 0.494295 0.006369 0.013621
8 0.457655 0.494295 0.006780 0.013621
8 0.464230 0.493937 0.005958 0.015055
8 0.471626 0.494475 0.006369 0.016130
8 0.477790 0.493399 0.005547 0.015413
8 0.491761 0.493578 0.006369 0.015055
8 0.451665 0.541337 0.006631 0.016389
8 0.458020 0.541337 0.006079 0.015104
8 0.465480 0.542302 0.005894 0.014461
8 0.471743 0.541659 0.007737 0.014461
8 0.478467 0.541177 0.006079 0.014140
8 0.491269 0.540855 0.007000 0.014783
8 0.497808 0.541659 0.008658 0.015104
8 0.505360 0.541498 0.007552 0.012854
8 0.512360 0.541659 0.006816 0.013819
8 0.518347 0.540695 0.008105 0.015104
8 0.525346 0.541819 0.007368 0.014140
8 0.532070 0.541659 0.006447 0.015104
8 0.537872 0.540695 0.007368 0.013819
8 0.543674 0.541177 0.005710 0.014783
8 0.549753 0.539570 0.005710 0.014140
8 0.504163 0.494258 0.007000 0.017354
8 0.511992 0.493294 0.007184 0.014140
8 0.519360 0.493615 0.007184 0.014783
8 0.525623 0.493454 0.006447 0.015747
8 0.532346 0.492651 0.006631 0.014140
8 0.538977 0.492812 0.006263 0.013176
8 0.546069 0.491366 0.007184 0.014140
8 0.552148 0.493294 0.006816 0.014783
8 0.559700 0.491205 0.004973 0.013819
8 0.566700 0.491687 0.006079 0.014140
8 0.573239 0.491848 0.006263 0.015104
8 0.580055 0.491205 0.005894 0.014461
8 0.576094 0.540052 0.005710 0.016389
8 0.583739 0.539409 0.006631 0.017675
8 0.590830 0.539891 0.006816 0.015425
8 0.597277 0.538606 0.007184 0.016068
8 0.604093 0.538606 0.006447 0.015425
8 0.610356 0.539731 0.007184 0.017675
8 0.617724 0.538606 0.005710 0.014783
8 0.624447 0.539409 0.006263 0.017032
8 0.630894 0.540373 0.006631 0.016389
8 0.637618 0.539570 0.006816 0.016068
8 0.644249 0.539088 0.006816 0.013819
8 0.651433 0.539088 0.006816 0.015747
8 0.658064 0.539088 0.006447 0.015104
8 0.665064 0.539088 0.006447 0.015747
8 0.672248 0.537642 0.006447 0.016068
8 0.678050 0.538767 0.007000 0.015747
8 0.686247 0.537642 0.006816 0.011569
8 0.596909 0.492169 0.008658 0.014461
8 0.603172 0.491848 0.005710 0.013819
8 0.610448 0.490884 0.006263 0.014461
8 0.617724 0.490723 0.005342 0.014140
8 0.624171 0.491205 0.005342 0.014461
8 0.630802 0.491366 0.006816 0.014783
8 0.637986 0.490723 0.006079 0.013497
8 0.644157 0.491366 0.007000 0.014783
8 0.650604 0.491205 0.005894 0.014461