6 0.210761 0.667900 0.027195 0.043524
4 0.250461 0.666449 0.023553 0.041451
2 0.460859 0.676605 0.020396 0.029430
2 0.501287 0.672253 0.021125 0.029016
2 0.539287 0.676605 0.016026 0.030259
2 0.578866 0.676190 0.017968 0.030259
2 0.348072 0.568832 0.019668 0.029430
2 0.633013 0.445928 0.016997 0.027358
15 0.673198 0.418156 0.019668 0.042280
15 0.659358 0.548106 0.031808 0.036892
15 0.701729 0.531733 0.019425 0.043938
15 0.624272 0.672045 0.018939 0.041866
15 0.678662 0.664377 0.021368 0.045596
15 0.704885 0.665828 0.017483 0.046840
15 0.729531 0.663548 0.019182 0.047254
15 0.760490 0.661061 0.020396 0.043938
15 0.792541 0.661682 0.021853 0.040208
15 0.822407 0.660439 0.019911 0.043524
15 0.848873 0.660232 0.018939 0.042280