2 0.304487 0.729165 0.030983 0.057411
2 0.375801 0.721510 0.032585 0.053583
2 0.441506 0.729643 0.036859 0.052627
2 0.512553 0.729643 0.030449 0.056454
2 0.611111 0.305760 0.034188 0.052627
2 0.106838 0.532054 0.028846 0.063152
2 0.707799 0.238781 0.027778 0.054540
15 0.593750 0.722467 0.036859 0.080375
15 0.687233 0.704765 0.043269 0.087073
15 0.732639 0.708114 0.034722 0.089944
15 0.777511 0.704287 0.031517 0.089944
15 0.829327 0.701895 0.034722 0.077505
15 0.888355 0.699981 0.039530 0.075591
15 0.936699 0.697111 0.034722 0.085159
15 0.983707 0.698546 0.029380 0.076548
15 0.651709 0.490910 0.052350 0.066979
15 0.493590 0.427280 0.042735 0.079418
15 0.494658 0.311023 0.032051 0.091857
15 0.728098 0.467467 0.035256 0.077505
15 0.675748 0.256961 0.036325 0.081332
15 0.102564 0.471773 0.049145 0.063152
4 0.099359 0.402402 0.044872 0.077505