2 0.203704 0.577770 0.026353 0.045241
2 0.233440 0.573718 0.025997 0.047942
2 0.284900 0.580471 0.026353 0.046591
2 0.339209 0.579458 0.025285 0.047267
2 0.425570 0.581821 0.029202 0.046591
2 0.454950 0.585535 0.027422 0.044566
2 0.484509 0.584522 0.025997 0.041190
2 0.518697 0.586885 0.026709 0.047267
2 0.548789 0.587561 0.028490 0.043215
2 0.577991 0.587561 0.027778 0.043215
2 0.607906 0.588574 0.025641 0.045241
2 0.637999 0.587561 0.025997 0.040514
2 0.813925 0.513284 0.025997 0.043215
2 0.844195 0.512272 0.023860 0.041190
2 0.871973 0.515648 0.024573 0.043891
2 0.898860 0.515648 0.027066 0.045241
2 0.924501 0.513622 0.026353 0.038489
2 0.952635 0.516323 0.025641 0.042540
2 0.980769 0.517673 0.025641 0.039839