2 0.124199 0.461663 0.014957 0.027735
2 0.285924 0.468232 0.015759 0.025302
2 0.301416 0.469935 0.013088 0.020923
2 0.331063 0.471395 0.012553 0.026762
2 0.362313 0.470179 0.013622 0.026275
2 0.410791 0.472368 0.016026 0.025789
2 0.428953 0.472855 0.016026 0.022869
2 0.444311 0.473098 0.014690 0.022383
2 0.464744 0.473585 0.012821 0.025302
2 0.481838 0.474558 0.013889 0.026275
2 0.498932 0.474315 0.013889 0.025789
2 0.514824 0.474801 0.012553 0.027735
2 0.532051 0.474315 0.015491 0.029682
2 0.631944 0.433928 0.016560 0.026762
2 0.648771 0.432955 0.014957 0.022869
2 0.664263 0.434172 0.014423 0.022383
2 0.678953 0.432712 0.015491 0.023356
2 0.694712 0.432225 0.016026 0.023356
2 0.710604 0.435631 0.012553 0.023356
2 0.726095 0.435631 0.017895 0.024329
2 0.744525 0.436118 0.016827 0.024329
2 0.831063 0.412762 0.015224 0.023356
2 0.852297 0.409842 0.015491 0.023356
2 0.897302 0.485506 0.015224 0.022869
2 0.919338 0.483803 0.014957 0.025302
2 0.955529 0.515431 0.014156 0.028222
2 0.954995 0.550951 0.012019 0.031141
2 0.930288 0.626858 0.014957 0.024329
2 0.913061 0.625398 0.014690 0.025302