12 0.234776 0.359476 0.017628 0.046315
12 0.295940 0.362108 0.017094 0.041052
12 0.331731 0.360002 0.018162 0.043157
12 0.411592 0.357371 0.017628 0.042105
12 0.432425 0.355792 0.017628 0.036841
12 0.452991 0.358424 0.014957 0.035789
12 0.474893 0.357897 0.019231 0.036841
12 0.493857 0.359209 0.013889 0.041052
12 0.514957 0.358945 0.016026 0.038420
12 0.536058 0.359735 0.016560 0.041052
12 0.565171 0.367366 0.012286 0.042631
12 0.617121 0.292105 0.018964 0.036315
12 0.588942 0.222106 0.019765 0.036315
12 0.663462 0.472628 0.015491 0.041578
12 0.699519 0.474470 0.016560 0.038947
12 0.729434 0.473943 0.016560 0.043157
12 0.758814 0.476312 0.015491 0.041578
12 0.817441 0.477891 0.013088 0.040526
12 0.846822 0.479207 0.016827 0.043157
12 0.875134 0.476049 0.019498 0.046315