16 0.358974 0.342431 0.025641 0.052980
16 0.382479 0.378055 0.028846 0.052980
16 0.408120 0.391300 0.037393 0.048413
16 0.438034 0.414136 0.024573 0.052066
16 0.465812 0.431035 0.030983 0.047499
16 0.492254 0.440169 0.027244 0.052980
16 0.543803 0.345171 0.023504 0.052980
16 0.519498 0.317768 0.026175 0.056634
16 0.496528 0.284884 0.026175 0.052980
16 0.473291 0.250173 0.024573 0.058460
16 0.447917 0.221400 0.024038 0.057547
16 0.426549 0.188972 0.024038 0.058460
16 0.590545 0.532427 0.027244 0.058460
16 0.626603 0.530600 0.026709 0.052980
16 0.656250 0.567595 0.026175 0.048413
16 0.684829 0.588604 0.029915 0.052066
16 0.715812 0.610983 0.028846 0.043845
16 0.772436 0.648435 0.023504 0.062114
16 0.793536 0.645238 0.021902 0.048413
16 0.804754 0.670814 0.025107 0.055720
16 0.325321 0.627425 0.033120 0.082210
16 0.375267 0.664877 0.037927 0.076729
15 0.231571 0.543389 0.036859 0.076729
14 0.256410 0.183948 0.060897 0.084950
14 0.272436 0.092147 0.051282 0.089518
13 0.314103 0.110873 0.040598 0.079470