6 0.497062 0.651711 0.038996 0.071562
6 0.539797 0.609728 0.044338 0.073470
6 0.313034 0.679382 0.033120 0.073470
6 0.249466 0.749512 0.045940 0.076333
6 0.204060 0.786247 0.039530 0.077287
6 0.163462 0.819643 0.044872 0.075379
6 0.116186 0.867351 0.042201 0.071562
6 0.665865 0.152686 0.047543 0.090645
6 0.207265 0.914582 0.054487 0.091599
6 0.690438 0.534827 0.045406 0.087783
6 0.733173 0.573470 0.047543 0.077287
16 0.782585 0.571085 0.030983 0.070608
16 0.832799 0.629766 0.040598 0.081103
16 0.886752 0.240946 0.028846 0.051525
16 0.945513 0.286269 0.023504 0.042937
16 0.744658 0.137897 0.029915 0.038166
16 0.732105 0.176063 0.031517 0.038166
16 0.250534 0.467082 0.026709 0.041983
2 0.023771 0.932711 0.029380 0.045800
15 0.063568 0.895022 0.025641 0.069654
4 0.306357 0.435594 0.035791 0.057249
4 0.089209 0.932711 0.035256 0.049616