4 0.106571 0.659048 0.019765 0.036586
4 0.217147 0.393798 0.016560 0.032521
6 0.579861 0.836390 0.020833 0.043700
6 0.222756 0.520326 0.018162 0.041668
6 0.190171 0.558944 0.019231 0.041668
6 0.168803 0.580286 0.022436 0.045733
6 0.145299 0.598071 0.023504 0.036586
6 0.121795 0.620938 0.021368 0.041668
6 0.411325 0.444104 0.024573 0.043700
6 0.433494 0.466971 0.022970 0.044716
6 0.397436 0.241864 0.026709 0.047765
6 0.313568 0.508130 0.022436 0.047765
6 0.337607 0.485772 0.021368 0.041668
16 0.878472 0.577746 0.011218 0.030488
16 0.863515 0.564534 0.012286 0.030488
16 0.848825 0.553863 0.011752 0.029472
16 0.906784 0.597055 0.013355 0.030488
16 0.818376 0.533029 0.011752 0.028456
16 0.835737 0.535062 0.012286 0.030488
16 0.795139 0.435466 0.014423 0.022358
16 0.783921 0.416157 0.013355 0.024391
16 0.773002 0.400827 0.013198 0.026304
16 0.761846 0.384089 0.012255 0.025108
16 0.749434 0.368545 0.015083 0.027499
16 0.737494 0.348818 0.012569 0.027499
16 0.705600 0.433408 0.012883 0.025706
16 0.716283 0.454033 0.011626 0.026304
16 0.730109 0.460609 0.012255 0.027499
16 0.743778 0.471967 0.012569 0.027499
16 0.756505 0.480038 0.013512 0.026902
16 0.770173 0.486614 0.011312 0.029293
16 0.711884 0.604682 0.014140 0.039456
16 0.688160 0.587345 0.016968 0.045434
16 0.458773 0.461207 0.016968 0.044238
16 0.482655 0.492592 0.016968 0.040054
6 0.627042 0.836335 0.019168 0.042445