13 0.117788 0.540957 0.031517 0.048239
13 0.148787 0.537988 0.028595 0.048185
13 0.187123 0.536917 0.028595 0.047114
13 0.216975 0.534240 0.028595 0.044973
13 0.245569 0.537185 0.026709 0.045508
13 0.274950 0.536917 0.028909 0.046044
13 0.335753 0.533437 0.027966 0.045508
13 0.367490 0.532634 0.028595 0.046044
13 0.397027 0.530760 0.027966 0.043367
13 0.427508 0.529421 0.029852 0.046044
13 0.489253 0.530225 0.031423 0.047650
13 0.733409 0.521658 0.029537 0.045508
13 0.768445 0.522729 0.029852 0.046579
13 0.828306 0.522461 0.028281 0.051397
13 0.858157 0.519784 0.027652 0.051397
13 0.888480 0.518446 0.030480 0.050862
13 0.922574 0.338823 0.027652 0.053539