12 0.177172 0.519293 0.015432 0.040978
12 0.228514 0.547722 0.017806 0.036368
12 0.316210 0.595103 0.016322 0.040978
12 0.352119 0.611495 0.015135 0.038929
12 0.437441 0.645558 0.019587 0.036368
12 0.430170 0.536709 0.017509 0.042003
12 0.485369 0.609446 0.020477 0.036880
12 0.477950 0.495731 0.017509 0.040978
12 0.534040 0.570772 0.018103 0.034319
12 0.580781 0.528770 0.016619 0.037393
12 0.632271 0.483694 0.016916 0.039442
12 0.623071 0.350514 0.015729 0.034319
11 0.621142 0.377150 0.022555 0.029197
12 0.681535 0.443740 0.015729 0.034319
12 0.670109 0.332074 0.014245 0.035344
13 0.729167 0.406603 0.025522 0.045076
6 0.764037 0.408652 0.025226 0.046101
6 0.821611 0.442203 0.025226 0.045588
6 0.848617 0.456289 0.024632 0.045076
6 0.873546 0.470376 0.026413 0.040466
6 0.785108 0.243715 0.025226 0.047125
6 0.839714 0.236543 0.024038 0.043027
6 0.777986 0.194285 0.026413 0.045588
11 0.893726 0.478059 0.015729 0.037393