6 0.456731 0.630132 0.049145 0.082188
6 0.514423 0.627849 0.057692 0.079449
13 0.650107 0.639264 0.052350 0.089494
12 0.568910 0.630588 0.025641 0.079449
12 0.603365 0.630588 0.025107 0.077622
22 0.337874 0.612324 0.016560 0.042921
22 0.324519 0.610498 0.012286 0.044747
17 0.307425 0.604105 0.014423 0.039268
17 0.289530 0.605932 0.017094 0.042921
0 0.666400 0.426030 0.024038 0.044747
0 0.631143 0.431053 0.022970 0.047487
0 0.719818 0.422834 0.033654 0.069404
0 0.599626 0.424661 0.017628 0.038355
0 0.570246 0.424204 0.014423 0.035615
0 0.547009 0.422378 0.011752 0.031962
0 0.522970 0.422378 0.016026 0.037441
0 0.471154 0.423747 0.020299 0.047487
19 0.295520 0.420741 0.017170 0.044356
19 0.324138 0.421393 0.015644 0.044356
20 0.445475 0.428242 0.018697 0.041094