20 0.448577 0.542818 0.008716 0.019658
19 0.379133 0.538605 0.008716 0.017786
19 0.392628 0.540945 0.009840 0.024339
17 0.376743 0.622854 0.006748 0.018722
17 0.385178 0.622620 0.008435 0.020126
22 0.392628 0.626130 0.006466 0.017786
22 0.398532 0.625428 0.005904 0.022934
6 0.453638 0.634321 0.025585 0.036976
6 0.480769 0.633151 0.024179 0.034636
12 0.504667 0.633385 0.013495 0.034168
12 0.521958 0.632215 0.014339 0.035572
13 0.543747 0.636427 0.024179 0.038380
0 0.551057 0.541179 0.010684 0.021998
0 0.574814 0.540477 0.014901 0.029955
0 0.533626 0.541179 0.011246 0.019190
0 0.519146 0.540243 0.008153 0.017318
0 0.506495 0.540945 0.009840 0.017786
0 0.484424 0.540009 0.007310 0.015914
0 0.494686 0.540711 0.007591 0.018254
0 0.461089 0.540009 0.007872 0.021530