6 0.150908 0.656913 0.052885 0.068821
20 0.256677 0.411450 0.016560 0.045881
20 0.275641 0.411025 0.017094 0.040987
20 0.294160 0.414695 0.014957 0.038540
20 0.310541 0.415613 0.014245 0.035481
20 0.326211 0.415307 0.013533 0.036093
20 0.342058 0.416225 0.014601 0.033034
20 0.390848 0.417448 0.013177 0.036705
20 0.487892 0.420201 0.014245 0.034869
20 0.504986 0.422342 0.014957 0.035481
20 0.775285 0.356274 0.020655 0.030587
20 0.800392 0.359944 0.020299 0.034258
20 0.821937 0.363309 0.017806 0.032423
20 0.527956 0.147669 0.017450 0.039152