20 0.163462 0.437886 0.008547 0.029447
20 0.174145 0.441107 0.010684 0.023005
20 0.184028 0.440186 0.011218 0.023005
20 0.191774 0.439726 0.009615 0.022085
20 0.202991 0.442027 0.011752 0.026686
20 0.231571 0.441107 0.009081 0.026686
20 0.288996 0.445247 0.009615 0.027606
20 0.299412 0.443407 0.010150 0.025766
20 0.458600 0.406599 0.012286 0.020245
20 0.473825 0.407519 0.011752 0.022085
20 0.486378 0.408439 0.013355 0.020245
20 0.313034 0.279610 0.010684 0.027606
6 0.089209 0.584659 0.030983 0.043250
6 0.894231 0.594322 0.032051 0.046011