6 0.022436 0.169940 0.028846 0.056142
6 0.049947 0.172657 0.030449 0.043465
6 0.108974 0.175373 0.028846 0.050709
6 0.168536 0.179901 0.029380 0.045276
6 0.489049 0.188050 0.029380 0.045276
6 0.527678 0.193085 0.029714 0.050369
6 0.573918 0.199311 0.028713 0.044710
6 0.609308 0.201575 0.027377 0.046974
6 0.791266 0.203838 0.030048 0.048105
6 0.828492 0.205253 0.031050 0.040748
6 0.814303 0.559818 0.026042 0.049237
6 0.742021 0.552744 0.026376 0.044144
6 0.632679 0.545953 0.029380 0.046408
6 0.693109 0.828360 0.022035 0.040748
6 0.802284 0.818456 0.029380 0.044710
6 0.778412 0.853545 0.026376 0.043578
7 0.780415 0.550763 0.021701 0.036787
7 0.722990 0.945511 0.021701 0.031693
7 0.687266 0.910705 0.017695 0.033391
10 0.744358 0.903631 0.023037 0.044144
2 0.684428 0.203555 0.016026 0.024902
3 0.713408 0.767579 0.033654 0.052520