6 0.552744 0.777708 0.026428 0.039451
6 0.581140 0.779632 0.024741 0.045225
6 0.608412 0.776505 0.027553 0.039932
6 0.638355 0.774340 0.027272 0.045225
6 0.666470 0.773137 0.026709 0.038970
6 0.702036 0.776264 0.023617 0.044262
7 0.248679 0.398110 0.023336 0.040413
7 0.274685 0.301406 0.023054 0.036565
7 0.296615 0.299963 0.019118 0.040413
15 0.321356 0.307420 0.020243 0.042819
15 0.343427 0.306217 0.021086 0.047149
15 0.363248 0.304293 0.020805 0.044262
15 0.411887 0.302369 0.019118 0.043300
15 0.434801 0.300444 0.018837 0.045225
15 0.455044 0.301647 0.018837 0.040895
15 0.476552 0.302128 0.020805 0.044743
15 0.499747 0.302128 0.019962 0.042819
15 0.537281 0.302128 0.012371 0.025499
15 0.556118 0.301887 0.015744 0.031753
15 0.572987 0.300204 0.017994 0.034159
15 0.603632 0.300204 0.012933 0.028386
15 0.638214 0.300204 0.015744 0.033197
15 0.724106 0.176317 0.025022 0.029829
15 0.726636 0.085146 0.028959 0.042819
4 0.686713 0.086830 0.022773 0.034640
4 0.722700 0.140234 0.021086 0.036565