6 0.068109 0.476418 0.026413 0.040032
6 0.080425 0.395594 0.021961 0.037498
6 0.092593 0.359869 0.021368 0.044086
6 0.918358 0.667204 0.022851 0.036485
16 0.086509 0.516957 0.028193 0.043072
16 0.102534 0.554202 0.029380 0.040539
16 0.045703 0.437399 0.027303 0.042059
16 0.288462 0.464003 0.023148 0.047633
16 0.423938 0.633759 0.021071 0.039525
16 0.450647 0.633252 0.022258 0.041552
15 0.501098 0.634266 0.018697 0.041552
15 0.523356 0.631985 0.018103 0.043072
15 0.549027 0.634266 0.020180 0.042566
15 0.573510 0.636293 0.019884 0.040539
15 0.844314 0.649214 0.021961 0.046113
15 0.869094 0.649468 0.021664 0.044593
15 0.894171 0.651495 0.021961 0.040539
7 0.672335 0.618050 0.018697 0.031418
7 0.693257 0.619064 0.019587 0.034458
7 0.714031 0.621344 0.020774 0.031924
7 0.733915 0.618050 0.018993 0.033445
7 0.756618 0.620837 0.018697 0.030911
7 0.776502 0.620077 0.021071 0.032431
7 0.660613 0.545334 0.020180 0.031924
0 0.582413 0.459189 0.012168 0.022803
0 0.647555 0.462736 0.011277 0.022803
0 0.674412 0.462736 0.013355 0.019763
0 0.766857 0.456402 0.012464 0.020269
0 0.803211 0.457669 0.009793 0.017736
0 0.835856 0.457162 0.013355 0.025843
0 0.871320 0.456148 0.013058 0.021790
0 0.887642 0.458175 0.014245 0.023817
0 0.906339 0.455895 0.011871 0.020269
0 0.941210 0.457415 0.010981 0.024323