15 0.069979 0.535250 0.042735 0.071404
15 0.116720 0.535250 0.041132 0.085865
15 0.158120 0.533894 0.038462 0.075923
15 0.514156 0.365327 0.027244 0.060558
15 0.728900 0.479212 0.025107 0.058750
15 0.761485 0.480567 0.026175 0.057846
15 0.668002 0.477856 0.028312 0.063269
15 0.697917 0.478308 0.024038 0.058750
6 0.798611 0.495933 0.043803 0.066884
6 0.901442 0.467462 0.047543 0.071404
6 0.853900 0.375721 0.043269 0.081346
4 0.549412 0.365327 0.032585 0.053327
6 0.199786 0.562365 0.043803 0.065981
2 0.403045 0.462490 0.024038 0.043385
16 0.954327 0.464298 0.038996 0.057846
2 0.564370 0.469721 0.026175 0.037961