16 0.406517 0.556137 0.036325 0.075166
16 0.450053 0.555185 0.033654 0.069457
15 0.529380 0.556612 0.035256 0.076117
15 0.568376 0.554234 0.035256 0.078972
15 0.610043 0.552331 0.039530 0.071360
15 0.649840 0.556612 0.033654 0.068506
15 0.176816 0.267366 0.033120 0.070409
15 0.121795 0.254046 0.025641 0.049476
15 0.093483 0.261182 0.026709 0.059942
7 0.813835 0.531398 0.032585 0.059942
7 0.848558 0.530923 0.033654 0.060894
7 0.880609 0.532826 0.029380 0.060894
7 0.916934 0.532350 0.030449 0.058040
7 0.951923 0.536156 0.029915 0.063748
7 0.985844 0.531874 0.028312 0.058991
7 0.795139 0.403902 0.033654 0.061845
0 0.821314 0.264036 0.019765 0.044719
0 0.772169 0.261182 0.020833 0.040913
0 0.971688 0.251191 0.020299 0.038059
0 0.665865 0.257376 0.018697 0.035204
0 0.293002 0.447669 0.021902 0.040913