6 0.136752 0.133386 0.039530 0.067926
6 0.190171 0.137573 0.043803 0.072578
6 0.238515 0.135247 0.047543 0.069787
6 0.287393 0.136642 0.043803 0.063274
6 0.331731 0.137108 0.044872 0.064204
6 0.377671 0.139434 0.042735 0.059552
16 0.607906 0.136642 0.040598 0.065135
16 0.555556 0.613055 0.030983 0.063274
16 0.589209 0.613055 0.028846 0.052108
16 0.616186 0.609798 0.027244 0.049316
16 0.644765 0.612590 0.033120 0.056760
16 0.676015 0.613520 0.030449 0.054899
16 0.301015 0.605611 0.027244 0.055830
16 0.271100 0.607007 0.025107 0.056760
16 0.243590 0.603750 0.024573 0.057691
16 0.216613 0.602819 0.022970 0.048386
16 0.185363 0.606541 0.032051 0.055830
16 0.106303 0.603285 0.025641 0.054899
16 0.077190 0.599563 0.027244 0.053038
16 0.049679 0.601889 0.024573 0.050247
16 0.022169 0.601424 0.025107 0.051177
16 0.379006 0.607937 0.029380 0.058621
7 0.868590 0.798688 0.039530 0.064204
7 0.821314 0.960594 0.031517 0.060482
7 0.784989 0.961990 0.031517 0.061413
15 0.807158 0.142691 0.036325 0.069787
15 0.768697 0.141295 0.033120 0.078161
15 0.730502 0.139434 0.032585 0.072578
15 0.698718 0.125477 0.020299 0.053969
15 0.672543 0.128733 0.026709 0.054899
15 0.646635 0.131990 0.022970 0.061413
15 0.221955 0.932214 0.032585 0.057691
15 0.274840 0.934540 0.031517 0.049316
15 0.331197 0.934075 0.027778 0.065135
15 0.360043 0.932214 0.023504 0.066996
15 0.389156 0.935936 0.029380 0.057691
15 0.448985 0.940588 0.038996 0.066996
15 0.490385 0.943845 0.034188 0.069787
15 0.524038 0.941984 0.034188 0.069787
15 0.559562 0.942915 0.033654 0.075370
15 0.596688 0.943380 0.035256 0.068856
15 0.674947 0.945706 0.034722 0.075370
15 0.711271 0.944310 0.033654 0.068856
15 0.746528 0.944776 0.032585 0.071648