15 0.525137 0.511404 0.020477 0.042432
2 0.492343 0.499280 0.017213 0.032329
2 0.507775 0.505847 0.014245 0.027277
7 0.466079 0.476802 0.022851 0.041926
18 0.438331 0.488167 0.008310 0.020205
18 0.430912 0.485894 0.006529 0.016670
18 0.425125 0.483874 0.007419 0.018690
18 0.417260 0.481601 0.007123 0.016164
18 0.409396 0.478317 0.006826 0.017680
18 0.403312 0.476549 0.007123 0.019195
18 0.395151 0.473013 0.008013 0.017175
18 0.386990 0.470488 0.007123 0.015154
18 0.388325 0.457354 0.006826 0.019195
18 0.396783 0.456849 0.008903 0.015154
21 0.369480 0.505847 0.009497 0.014144
21 0.351822 0.501806 0.009200 0.016164
21 0.342474 0.498018 0.007716 0.016670
21 0.339655 0.452303 0.008606 0.015154
21 0.330158 0.448767 0.006232 0.015154
21 0.332235 0.434875 0.009200 0.015659
21 0.341435 0.436643 0.008606 0.016164
21 0.350042 0.443210 0.009793 0.017175
21 0.358054 0.445231 0.008013 0.016164
21 0.366067 0.450787 0.009200 0.017175
21 0.369925 0.464426 0.009793 0.017175
21 0.378532 0.465941 0.008013 0.017175
19 0.295732 0.422500 0.009793 0.027277
19 0.304376 0.426931 0.009126 0.025383
19 0.315282 0.432614 0.010016 0.023868
19 0.323072 0.435077 0.008235 0.022731