19 0.715109 0.474475 0.011527 0.026355
19 0.701052 0.476392 0.009840 0.023480
19 0.688400 0.476871 0.009840 0.026355
19 0.676310 0.474475 0.011527 0.026355
19 0.660706 0.473517 0.009559 0.022521
19 0.646930 0.474236 0.009559 0.023001
19 0.633294 0.473996 0.010965 0.024438
18 0.604335 0.473996 0.009840 0.024438
18 0.593230 0.473038 0.008435 0.020605
18 0.564974 0.473038 0.008716 0.020605
18 0.515491 0.491965 0.009278 0.021084
18 0.531939 0.491486 0.007872 0.023959
18 0.523926 0.492205 0.007591 0.022521
18 0.473319 0.492684 0.008153 0.021563
18 0.465446 0.493403 0.007029 0.019167
18 0.458418 0.492684 0.005904 0.017730
18 0.450124 0.495080 0.007872 0.019646
18 0.443376 0.492684 0.006748 0.019646
18 0.437472 0.492684 0.007872 0.020605
18 0.429178 0.488851 0.007029 0.019646
18 0.421587 0.491965 0.008153 0.020125
18 0.413574 0.492445 0.007310 0.023001
18 0.407108 0.492205 0.007310 0.017730
18 0.400360 0.492205 0.006748 0.020605
18 0.390941 0.492445 0.007591 0.018209
18 0.382507 0.492924 0.007591 0.022042
18 0.375478 0.493643 0.007029 0.019646
18 0.368027 0.492924 0.007310 0.018209
18 0.360577 0.491486 0.007029 0.018209
18 0.353267 0.491247 0.008153 0.019646
18 0.346238 0.491726 0.007029 0.018688
18 0.338647 0.492205 0.007029 0.020605
18 0.331618 0.491965 0.007029 0.021084
18 0.324308 0.492205 0.007029 0.019646
18 0.317280 0.492684 0.007591 0.019646
18 0.064665 0.314909 0.011246 0.017730
18 0.094326 0.330962 0.010965 0.015334
19 0.016307 0.486694 0.008435 0.024917
19 0.027131 0.486215 0.012090 0.026834
19 0.103042 0.486694 0.013776 0.026834
19 0.148307 0.486934 0.009840 0.026355
19 0.157585 0.486694 0.010403 0.025876
19 0.167988 0.487174 0.009840 0.025876
19 0.178672 0.487653 0.010965 0.026834
19 0.189918 0.487413 0.010403 0.025396
19 0.236308 0.437339 0.013214 0.017250
19 0.225624 0.430391 0.011527 0.019646
19 0.226889 0.415537 0.011808 0.019646
19 0.237011 0.419610 0.011808 0.017250
19 0.236870 0.405234 0.012090 0.017250
19 0.227030 0.396609 0.011527 0.016292
19 0.237011 0.386067 0.012371 0.017250
19 0.238417 0.371452 0.012933 0.012938
19 0.227170 0.365223 0.012371 0.015813
19 0.225765 0.380796 0.011246 0.015334
19 0.207349 0.375286 0.009840 0.019646
19 0.206365 0.398765 0.010121 0.022521
19 0.206084 0.422005 0.009559 0.023001
19 0.095451 0.420328 0.012652 0.017730
19 0.094467 0.348931 0.011808 0.018688
19 0.069304 0.347014 0.013776 0.018688