19 0.687767 0.529148 0.034722 0.082513
7 0.565438 0.493722 0.044338 0.081616
2 0.620994 0.521525 0.036859 0.060091
2 0.654647 0.525561 0.029380 0.055606
18 0.509348 0.532288 0.018697 0.036772
18 0.494124 0.530494 0.012821 0.033184
18 0.479434 0.526009 0.016560 0.036772
18 0.463141 0.526458 0.014957 0.034081
18 0.448985 0.526906 0.015491 0.038566
18 0.434295 0.524664 0.013889 0.035875
18 0.417201 0.524216 0.017094 0.034978
18 0.402244 0.523767 0.014957 0.035875
18 0.400908 0.491031 0.012286 0.034978
18 0.417468 0.490134 0.015491 0.033184
19 0.264156 0.488341 0.020833 0.052916
19 0.244925 0.486098 0.019765 0.048431
19 0.223825 0.482062 0.018162 0.047534
19 0.204594 0.479372 0.019231 0.047534
21 0.355235 0.495067 0.018162 0.032288
21 0.335737 0.490583 0.016560 0.035875
21 0.319712 0.488789 0.021902 0.030494
21 0.300481 0.479820 0.015491 0.037669
21 0.334402 0.604038 0.017094 0.034978
21 0.352297 0.604486 0.019765 0.037669
21 0.372062 0.605383 0.019765 0.034081
21 0.383547 0.517938 0.017094 0.031391
21 0.364850 0.517938 0.021368 0.034978