15 0.118857 0.731013 0.044338 0.081154
19 0.355502 0.526283 0.020833 0.057177
19 0.379808 0.524900 0.023504 0.050722
19 0.530716 0.517061 0.021902 0.049799
19 0.512821 0.386568 0.029915 0.037811
19 0.459135 0.240859 0.025107 0.039655
19 0.511485 0.239015 0.027244 0.035966
19 0.618857 0.515678 0.019765 0.059944
19 0.640491 0.515216 0.019231 0.053488
19 0.661058 0.515678 0.017628 0.056255
19 0.681891 0.513833 0.017628 0.054410
19 0.704060 0.512450 0.017094 0.055333
19 0.735577 0.378268 0.020299 0.054410
19 0.733173 0.324319 0.017628 0.051644
19 0.733440 0.280514 0.017094 0.043344
19 0.797276 0.411468 0.026175 0.039655
19 0.773237 0.393946 0.021902 0.041499
19 0.773504 0.360285 0.023504 0.042422
19 0.796741 0.373657 0.027244 0.030433
19 0.799947 0.341380 0.027244 0.034122
19 0.775107 0.326625 0.026709 0.035966
19 0.798344 0.306797 0.026175 0.035044
19 0.797810 0.273136 0.026175 0.034122
19 0.774573 0.262070 0.023504 0.035966
19 0.772436 0.292503 0.032051 0.032277
2 0.769231 0.514294 0.039530 0.062710
2 0.813301 0.514294 0.035791 0.060866
2 0.852564 0.512450 0.034188 0.057177
2 0.893697 0.511067 0.033120 0.058099
2 0.930288 0.506917 0.031517 0.051644
18 0.959402 0.513833 0.017094 0.041499
18 0.974359 0.513372 0.013889 0.040577
18 0.987447 0.512450 0.017628 0.035044
18 0.448184 0.173538 0.020299 0.030433
18 0.508280 0.201665 0.021902 0.029511