18 0.016026 0.465293 0.014957 0.041100
18 0.029915 0.464837 0.017094 0.042013
18 0.044872 0.468033 0.017094 0.037447
18 0.061432 0.462553 0.017094 0.037447
18 0.078526 0.463923 0.018162 0.040187
18 0.092415 0.463467 0.020299 0.039273
18 0.108440 0.462097 0.017094 0.038360
18 0.124733 0.459357 0.014423 0.036533
18 0.140224 0.457987 0.015491 0.041100
18 0.154915 0.458443 0.016026 0.036533
18 0.167735 0.459357 0.017094 0.040187
18 0.182158 0.462097 0.014957 0.040187
18 0.196581 0.459813 0.012821 0.039273
18 0.211538 0.459813 0.014957 0.041100
18 0.227831 0.457073 0.013355 0.037447
18 0.344284 0.455703 0.012286 0.038360
18 0.329594 0.452963 0.014957 0.040187
18 0.316506 0.452050 0.020833 0.043840
18 0.412393 0.412320 0.012821 0.041100
18 0.433226 0.406840 0.019231 0.042927
18 0.467682 0.407297 0.014423 0.032880
18 0.489049 0.408210 0.015491 0.042013
19 0.548344 0.407754 0.018697 0.050233
19 0.574252 0.407297 0.020299 0.054800
19 0.603632 0.404557 0.020299 0.045667
19 0.633814 0.404100 0.019765 0.050233
19 0.659722 0.405927 0.019231 0.059367
19 0.684829 0.403644 0.020299 0.049320
19 0.713141 0.401817 0.022436 0.051147
7 0.890759 0.433327 0.042201 0.077633