6 0.338208 0.945311 0.026709 0.037797
6 0.254574 0.896292 0.025708 0.046066
6 0.339710 0.732405 0.024372 0.044294
6 0.278279 0.612221 0.023705 0.040160
6 0.342548 0.542237 0.023371 0.041931
6 0.286124 0.514480 0.026709 0.038388
6 0.368256 0.073904 0.024706 0.033663
6 0.454227 0.137687 0.023705 0.037207
6 0.697616 0.478749 0.023037 0.044884
6 0.559395 0.940586 0.023037 0.037797
3 0.656884 0.342325 0.024372 0.049609
3 0.596621 0.291830 0.032051 0.060830
3 0.531851 0.278837 0.029380 0.053743
3 0.400474 0.247240 0.032385 0.049609
3 0.363582 0.417919 0.024706 0.053153
4 0.236070 0.104910 0.016847 0.030710
4 0.149675 0.170502 0.017053 0.030165
2 0.258670 0.200667 0.018491 0.023623
15 0.196828 0.230287 0.016026 0.033436