19 0.150301 0.646878 0.009713 0.026975
19 0.158557 0.645594 0.008256 0.023549
19 0.168755 0.644309 0.009713 0.021837
19 0.177132 0.645808 0.007042 0.019696
19 0.185995 0.644952 0.009227 0.022265
19 0.207848 0.641954 0.008741 0.017983
19 0.261388 0.623971 0.010441 0.023977
19 0.274985 0.611554 0.008498 0.018839
19 0.284212 0.595712 0.009470 0.018839
19 0.273043 0.579656 0.009955 0.020124
19 0.282513 0.564884 0.008013 0.017127
19 0.261631 0.582439 0.008984 0.021408
19 0.261145 0.602563 0.012383 0.018839
19 0.252525 0.583937 0.011169 0.020980
19 0.244148 0.568952 0.008013 0.018411
19 0.237107 0.593571 0.008984 0.017983
19 0.246091 0.610484 0.009955 0.016699
19 0.094333 0.562101 0.009955 0.017555
19 0.094940 0.540907 0.009227 0.019696
19 0.077336 0.600208 0.015297 0.018411
17 0.022460 0.707464 0.009470 0.018839
17 0.021489 0.739577 0.009955 0.021408
17 0.057061 0.738292 0.011655 0.018839
17 0.482712 0.601064 0.012141 0.024406
17 0.497402 0.450563 0.011898 0.020552
17 0.552763 0.466405 0.012383 0.021408
17 0.797154 0.556321 0.009227 0.022265