17 0.228632 0.716693 0.021368 0.046828
17 0.236378 0.642779 0.021902 0.044073
17 0.318643 0.712102 0.026175 0.048664
19 0.412126 0.292030 0.029380 0.055091
19 0.412927 0.241988 0.023504 0.054173
19 0.549947 0.488982 0.020833 0.056010
19 0.571581 0.487145 0.021368 0.052337
19 0.597489 0.480259 0.022970 0.051419
19 0.615919 0.485768 0.024573 0.051419
19 0.637286 0.482554 0.022436 0.050500
19 0.693643 0.484850 0.022970 0.051419
19 0.827190 0.432513 0.027244 0.051419
19 0.861912 0.404967 0.025107 0.047746
19 0.885684 0.364108 0.024573 0.043155
19 0.827457 0.381553 0.025641 0.048664
19 0.827991 0.334267 0.021368 0.051419
19 0.856303 0.327839 0.022436 0.040400
19 0.878739 0.292030 0.022436 0.040400
19 0.783654 0.303048 0.024573 0.045910
19 0.788729 0.399458 0.025107 0.045910