17 0.261752 0.326549 0.015263 0.033375
17 0.242102 0.306463 0.013355 0.032757
17 0.219017 0.289775 0.013736 0.032757
17 0.199176 0.269998 0.011447 0.031521
17 0.623665 0.592929 0.014118 0.034611
17 0.637019 0.610234 0.019460 0.030902
17 0.668307 0.629085 0.015644 0.036465
17 0.725160 0.630939 0.014881 0.036465
17 0.737370 0.640827 0.017933 0.032757
17 0.762553 0.652879 0.015644 0.033375
17 0.783349 0.679147 0.022131 0.024104
17 0.833333 0.715302 0.019841 0.030902
17 0.774954 0.735698 0.020604 0.033375
19 0.730121 0.706650 0.018697 0.039555
19 0.764652 0.702323 0.022131 0.033375
17 0.094055 0.253620 0.019460 0.037083
17 0.038347 0.268762 0.020986 0.029048
17 0.050939 0.223644 0.020986 0.022868
17 0.099397 0.148860 0.021749 0.024104
17 0.115995 0.104979 0.016026 0.033993
17 0.075931 0.066351 0.022131 0.034611
17 0.057425 0.085201 0.021749 0.029048