17 0.418803 0.484352 0.010684 0.019036
17 0.410123 0.476103 0.008280 0.017767
17 0.398504 0.466162 0.007479 0.017344
17 0.390091 0.456010 0.007746 0.019036
17 0.336138 0.447761 0.008814 0.015229
17 0.306891 0.456433 0.012286 0.016498
17 0.314370 0.436762 0.008547 0.013537
17 0.336004 0.395307 0.009081 0.014383
17 0.345219 0.373733 0.007212 0.016075
17 0.325588 0.353851 0.009615 0.014383
17 0.315572 0.365061 0.010417 0.015652
17 0.602431 0.615911 0.006143 0.016498
17 0.607906 0.623313 0.008013 0.013537
17 0.624065 0.635158 0.006677 0.021151
17 0.653178 0.632620 0.007746 0.015229
17 0.658120 0.639388 0.007479 0.013537
17 0.671474 0.643407 0.007479 0.014806
17 0.681624 0.658001 0.008013 0.014383
17 0.707265 0.674710 0.009081 0.015652
17 0.677217 0.686343 0.009882 0.013537
19 0.653446 0.670268 0.009348 0.019459
19 0.672676 0.668788 0.012019 0.013960