13 0.299412 0.854160 0.019765 0.035973
13 0.344284 0.851162 0.019765 0.038542
13 0.394765 0.851591 0.023504 0.035973
13 0.366453 0.763800 0.025641 0.035116
13 0.319712 0.768511 0.025107 0.037686
13 0.348825 0.250332 0.022436 0.037686
13 0.386485 0.248619 0.021902 0.034260
13 0.385684 0.208364 0.026709 0.037686
13 0.352030 0.209220 0.025641 0.039399
13 0.538462 0.913258 0.020299 0.041112
4 0.690839 0.857254 0.019498 0.030406
4 0.759215 0.852757 0.015224 0.027408
2 0.657719 0.865819 0.012553 0.020984
2 0.724493 0.991044 0.012553 0.017912