0 0.537393 0.616178 0.027778 0.054874
0 0.516293 0.552302 0.018697 0.045442
0 0.601496 0.531724 0.024573 0.043728
0 0.477297 0.434837 0.030449 0.052302
0 0.322650 0.585740 0.025641 0.042013
0 0.345353 0.651332 0.022970 0.049729
0 0.373932 0.726355 0.033120 0.042013
0 0.467682 0.749076 0.022970 0.048015
0 0.425748 0.556589 0.023504 0.040298
0 0.398504 0.480708 0.025641 0.037726
0 0.374199 0.409544 0.020833 0.034296
0 0.458868 0.370532 0.026709 0.048872
0 0.534722 0.347811 0.025641 0.039441
0 0.555288 0.405685 0.027244 0.038583
0 0.572382 0.464418 0.020833 0.036011