22 0.098291 0.682411 0.011752 0.043328
22 0.114850 0.685011 0.012821 0.045061
22 0.138889 0.684578 0.016026 0.042462
22 0.160791 0.683278 0.016026 0.041595
22 0.210203 0.684578 0.015491 0.040728
22 0.232105 0.682411 0.016560 0.039862
22 0.279380 0.686311 0.012821 0.051127
22 0.302083 0.681545 0.015491 0.046794
22 0.349359 0.681112 0.014957 0.042462
22 0.374199 0.681978 0.012286 0.040728
22 0.695246 0.685878 0.012286 0.043328
22 0.713141 0.684578 0.013889 0.044195
22 0.732105 0.684145 0.013355 0.038129
22 0.749199 0.685444 0.013355 0.040728
22 0.767361 0.684578 0.014423 0.042462
22 0.784722 0.681112 0.014957 0.038995
22 0.804754 0.680678 0.014423 0.041595
22 0.821581 0.678512 0.013889 0.038995
22 0.838141 0.675912 0.014957 0.035529
22 0.854701 0.676779 0.014957 0.040728
22 0.869391 0.674179 0.014423 0.042462
22 0.908120 0.675479 0.018162 0.046794