22 0.366854 0.609844 0.008814 0.022164
22 0.374199 0.611365 0.008547 0.019991
22 0.385016 0.610495 0.007746 0.018253
22 0.396234 0.613103 0.007746 0.019122
22 0.418403 0.612234 0.007746 0.020860
22 0.429487 0.612017 0.008547 0.022164
22 0.451255 0.610278 0.005075 0.021295
22 0.461806 0.611365 0.005876 0.019991
22 0.485176 0.611799 0.007212 0.019122
22 0.496261 0.610713 0.006944 0.021295
22 0.648905 0.612017 0.005609 0.019557
22 0.657185 0.612451 0.006677 0.022164
22 0.665598 0.612234 0.005876 0.018253
22 0.673745 0.612234 0.006677 0.017384
22 0.682559 0.611147 0.006143 0.019557
22 0.691373 0.611147 0.005609 0.017818
22 0.700454 0.611147 0.006143 0.017818
22 0.708600 0.610495 0.007479 0.019991
22 0.717014 0.610061 0.005609 0.019122
22 0.724626 0.609192 0.006944 0.019122
22 0.731571 0.608757 0.004808 0.020860
22 0.749733 0.610713 0.008547 0.020426