13 0.615919 0.733075 0.047009 0.077977
13 0.916934 0.869321 0.036859 0.077977
13 0.885684 0.932302 0.041667 0.068551
13 0.818643 0.836330 0.051816 0.085689
13 0.581197 0.203515 0.045940 0.067695
13 0.626335 0.131965 0.041132 0.063410
13 0.582799 0.074553 0.048077 0.070265
12 0.542468 0.299487 0.035791 0.059126
12 0.388355 0.656811 0.034188 0.071122
12 0.523771 0.751070 0.035791 0.059126
12 0.710470 0.766494 0.034188 0.071122
12 0.737447 0.803340 0.027244 0.055698
12 0.749733 0.876176 0.037927 0.069408
12 0.437500 0.503428 0.034188 0.064267