13 0.428607 0.479797 0.026395 0.044379
13 0.460344 0.458882 0.030794 0.045400
13 0.454217 0.505812 0.027338 0.049480
13 0.377702 0.672107 0.023253 0.043359
13 0.358063 0.705775 0.021682 0.035197
13 0.323184 0.656804 0.024196 0.043359
13 0.452174 0.679249 0.028281 0.042339
13 0.474799 0.718017 0.026395 0.041319
13 0.715812 0.628748 0.025138 0.046420
13 0.745192 0.631809 0.029852 0.044379
13 0.797511 0.635380 0.029537 0.049480
13 0.196393 0.312482 0.024510 0.043359
13 0.218389 0.276774 0.023253 0.040299
13 0.195136 0.244382 0.025767 0.038768
12 0.090969 0.561669 0.019796 0.038768
12 0.163399 0.607579 0.022624 0.037748
12 0.264737 0.617271 0.017283 0.041829
12 0.279820 0.636145 0.016026 0.029586
12 0.287205 0.678994 0.015083 0.037748
13 0.213518 0.600947 0.026081 0.044889