19 0.140224 0.548572 0.008013 0.017194
19 0.150641 0.548142 0.008547 0.018053
19 0.161859 0.548142 0.008547 0.016334
19 0.184562 0.549432 0.008013 0.018913
19 0.196581 0.549432 0.008547 0.018913
19 0.205929 0.549002 0.009081 0.018053
19 0.217415 0.548142 0.008547 0.018053
19 0.229434 0.550291 0.008013 0.018913
19 0.316506 0.489684 0.010150 0.016334
19 0.327724 0.493982 0.010150 0.019773
19 0.344017 0.510142 0.009259 0.016047
19 0.337963 0.498679 0.009259 0.021779
19 0.377315 0.482345 0.011752 0.018913
19 0.706197 0.547681 0.008547 0.018913
19 0.732728 0.550833 0.008191 0.019486
19 0.760506 0.557997 0.013177 0.017767
19 0.813034 0.551120 0.011396 0.022352
19 0.828882 0.590379 0.010328 0.017194
19 0.840990 0.590665 0.011752 0.016621
19 0.851140 0.536792 0.009972 0.016621
19 0.863960 0.521604 0.011396 0.017194
19 0.863604 0.481199 0.011396 0.020059
19 0.814637 0.528768 0.008903 0.018913
19 0.785969 0.506416 0.009259 0.018913
19 0.791667 0.488363 0.009259 0.019486