20 0.466747 0.530500 0.009348 0.022042
20 0.477831 0.523801 0.007479 0.021610
20 0.490919 0.525097 0.011752 0.015559
20 0.504941 0.534822 0.008814 0.018585
20 0.482639 0.482741 0.009615 0.019017
20 0.455128 0.482525 0.011752 0.019449
20 0.311432 0.354593 0.011218 0.013398
20 0.310630 0.340114 0.010684 0.017288
20 0.460871 0.337089 0.010417 0.019881
20 0.484108 0.335792 0.009348 0.021610
20 0.509882 0.339250 0.008547 0.019881
22 0.205262 0.119907 0.012019 0.011669
22 0.204193 0.074526 0.010951 0.012534
22 0.235710 0.095704 0.010951 0.011669
22 0.210203 0.033250 0.012286 0.018153
22 0.148504 0.357186 0.011752 0.015992
22 0.150374 0.331254 0.008547 0.021178
22 0.175080 0.362805 0.008814 0.020314
22 0.237714 0.328661 0.009081 0.018585
22 0.264690 0.329093 0.008547 0.017720
22 0.250267 0.278309 0.008547 0.017288