15 0.450053 0.615933 0.035791 0.047232
15 0.485310 0.549808 0.042201 0.057537
4 0.520566 0.466938 0.034722 0.056678
4 0.431891 0.481966 0.033654 0.059255
4 0.364583 0.187410 0.034722 0.062690
0 0.564370 0.401242 0.022970 0.030057
0 0.589744 0.354440 0.023504 0.032633
0 0.630609 0.276722 0.021902 0.035209
0 0.665331 0.223478 0.022970 0.038644
0 0.688301 0.178393 0.025107 0.039503
0 0.714744 0.128585 0.023504 0.036068
0 0.737714 0.080494 0.023504 0.032633
0 0.764156 0.031545 0.021902 0.032633
4 0.164263 0.825716 0.031755 0.059159
4 0.203585 0.893940 0.034425 0.050572
4 0.228959 0.877004 0.034722 0.042461
4 0.232520 0.836451 0.031755 0.049140
4 0.194979 0.777053 0.030271 0.049617
4 0.187411 0.814982 0.028193 0.052957