7 0.307559 0.734720 0.020566 0.031870
7 0.415064 0.656984 0.020299 0.033162
7 0.475427 0.692299 0.019765 0.030578
7 0.473424 0.589584 0.016827 0.034454
7 0.455128 0.532305 0.021368 0.034454
7 0.826122 0.540488 0.019231 0.031008
7 0.851896 0.546732 0.015759 0.034884
7 0.855636 0.513786 0.015224 0.029286
7 0.834001 0.507541 0.016827 0.026271
7 0.836806 0.478471 0.018697 0.033592
7 0.859642 0.475241 0.019498 0.026271
7 0.860310 0.443802 0.018162 0.032300
7 0.862714 0.409994 0.016560 0.032731
7 0.884215 0.415593 0.016827 0.030147
7 0.763889 0.287253 0.019231 0.031008
4 0.670005 0.237511 0.018429 0.032300