19 0.138889 0.529076 0.017094 0.048605
19 0.161325 0.532548 0.019231 0.041662
19 0.221421 0.523869 0.020833 0.046869
19 0.263622 0.527774 0.016560 0.035586
19 0.286058 0.526039 0.014423 0.046001
19 0.305288 0.523869 0.017628 0.041662
19 0.325855 0.520831 0.019231 0.040794
19 0.346154 0.522133 0.017094 0.041662
19 0.388355 0.519529 0.017094 0.036454
19 0.411859 0.520397 0.021368 0.052077
19 0.618323 0.513453 0.018697 0.038190
19 0.675748 0.511717 0.017094 0.036454
19 0.698451 0.512585 0.018697 0.036454
19 0.715011 0.512151 0.018697 0.040794
19 0.734509 0.507378 0.019231 0.036454
19 0.775641 0.506076 0.019231 0.039058
17 0.369391 0.516925 0.015491 0.038190