17 0.137687 0.592870 0.010951 0.014710
17 0.166800 0.547009 0.008814 0.019036
17 0.175881 0.561503 0.009348 0.016873
17 0.226095 0.565613 0.009348 0.019902
17 0.237981 0.565180 0.008547 0.021632
17 0.360443 0.540520 0.011485 0.013845
17 0.362447 0.521484 0.010150 0.014710
17 0.360310 0.507206 0.010684 0.012114
17 0.375134 0.510667 0.007746 0.018171
19 0.524706 0.561503 0.008280 0.022930
19 0.534989 0.560854 0.006410 0.020767
19 0.581597 0.558042 0.009348 0.021200
19 0.592014 0.559123 0.007746 0.019036
19 0.601095 0.556744 0.007212 0.019469
19 0.611912 0.556095 0.010150 0.019902
19 0.620593 0.556311 0.006677 0.021200
19 0.638889 0.556095 0.008547 0.019902
19 0.649306 0.556528 0.010150 0.020767
19 0.743723 0.552634 0.011485 0.015575
19 0.770166 0.552634 0.009348 0.018171
19 0.780315 0.552201 0.008814 0.019036
19 0.789530 0.550903 0.008013 0.018171
19 0.798478 0.548956 0.008814 0.018604
19 0.816907 0.548524 0.008814 0.018604
17 0.562901 0.557609 0.007212 0.019469
17 0.630208 0.553715 0.007212 0.019469