17 0.390491 0.616784 0.019231 0.030055
17 0.481838 0.622366 0.016026 0.034348
17 0.364850 0.673459 0.016026 0.035207
17 0.375000 0.641687 0.014957 0.033490
17 0.367788 0.623654 0.019765 0.028337
17 0.343483 0.631811 0.020299 0.027479
17 0.357105 0.644263 0.024038 0.019750
17 0.255342 0.554098 0.022436 0.030055
17 0.248932 0.533919 0.022436 0.022326
17 0.256143 0.518892 0.020833 0.026620
17 0.276442 0.518892 0.020833 0.026620
17 0.261752 0.496995 0.018162 0.027479
17 0.356303 0.437744 0.016026 0.034348
17 0.372863 0.460070 0.014957 0.024044
17 0.385150 0.490554 0.014957 0.031772
17 0.407853 0.431733 0.018697 0.037783
17 0.393964 0.398673 0.013355 0.038642
17 0.380342 0.408118 0.013889 0.036924
17 0.384348 0.443755 0.016560 0.036066