7 0.387286 0.662847 0.024573 0.030317
7 0.410791 0.783683 0.026709 0.041578
7 0.484241 0.760295 0.020833 0.038113
7 0.453526 0.842152 0.022436 0.040712
7 0.631410 0.753365 0.021368 0.036381
7 0.582799 0.836088 0.018162 0.033782
7 0.340812 0.611308 0.020299 0.036381
7 0.324252 0.888060 0.019231 0.037247
4 0.561432 0.825261 0.018162 0.038113
2 0.373397 0.541578 0.012821 0.025120
2 0.071173 0.792186 0.012255 0.024458
2 0.087355 0.813077 0.013198 0.022419
2 0.008013 0.844923 0.011626 0.020891
16 0.108566 0.957530 0.029223 0.047387
0 0.050905 0.898934 0.008170 0.021910
0 0.037236 0.882628 0.011626 0.016815
17 0.305901 0.175142 0.009741 0.021400
17 0.308729 0.158072 0.005970 0.016815
17 0.312971 0.141003 0.009427 0.015286
17 0.301345 0.150175 0.009427 0.013248
17 0.300716 0.164187 0.011312 0.014776
17 0.291447 0.159346 0.009741 0.015286
17 0.247141 0.120622 0.009113 0.013248
17 0.238185 0.114252 0.008798 0.014776
17 0.240385 0.147372 0.011312 0.019872
17 0.235357 0.138965 0.010055 0.013248
17 0.236771 0.126991 0.012255 0.011719
17 0.297731 0.081388 0.008484 0.018343
17 0.303702 0.043937 0.007856 0.017834
17 0.292232 0.031708 0.008170 0.019872
17 0.286890 0.038587 0.008798 0.017324
17 0.293332 0.056675 0.010370 0.016815
17 0.288147 0.068904 0.008798 0.014776
17 0.279035 0.060242 0.010055 0.014776