17 0.619658 0.558499 0.018162 0.030110
17 0.677885 0.636353 0.022436 0.029249
17 0.673077 0.612266 0.016026 0.024088
17 0.694444 0.591619 0.018162 0.029249
17 0.701122 0.614846 0.022970 0.032690
17 0.731036 0.764534 0.022970 0.032690
17 0.740652 0.738726 0.021902 0.030970
17 0.557425 0.723241 0.012286 0.032690
17 0.501335 0.216970 0.021902 0.030110
17 0.523237 0.196324 0.018697 0.030110
17 0.416400 0.239338 0.021902 0.023227
17 0.414530 0.210088 0.021368 0.028389
17 0.515759 0.100834 0.015491 0.030110
17 0.425214 0.059541 0.025641 0.028389
17 0.423611 0.028571 0.029915 0.035271
19 0.435630 0.417414 0.025107 0.026668
17 0.414263 0.385584 0.021902 0.031830