5 0.540331 0.611846 0.024038 0.027638
5 0.567575 0.610983 0.024038 0.031092
5 0.552083 0.565208 0.026175 0.032820
5 0.576923 0.559594 0.022436 0.030229
5 0.599359 0.557867 0.021368 0.033684
5 0.623130 0.553548 0.020833 0.031956
5 0.646100 0.552253 0.022970 0.032820
5 0.673611 0.547934 0.020299 0.027638
5 0.720887 0.541025 0.018697 0.038002
5 0.274840 0.481431 0.019765 0.031092
5 0.302885 0.483158 0.022436 0.029365
5 0.332265 0.487045 0.022436 0.031956
5 0.355769 0.488772 0.022436 0.028501
5 0.381410 0.489636 0.021368 0.028501
5 0.344551 0.354470 0.023504 0.025910