5 0.680823 0.543792 0.012286 0.019078
5 0.693376 0.540757 0.010684 0.014742
5 0.556446 0.481565 0.009497 0.015898
5 0.571136 0.481565 0.010387 0.016862
5 0.584046 0.483732 0.009497 0.013489
5 0.595471 0.484696 0.009793 0.015416
5 0.606155 0.486141 0.010387 0.015416
5 0.685393 0.518901 0.009200 0.015416
5 0.697412 0.518660 0.009497 0.015898
5 0.708096 0.516252 0.008310 0.015898
5 0.718631 0.514806 0.010387 0.015898
5 0.728722 0.513843 0.010387 0.013008
5 0.742521 0.512157 0.008310 0.013489
5 0.764482 0.509507 0.008310 0.018789
5 0.588349 0.422067 0.009793 0.011562