16 0.321314 0.419972 0.032585 0.057041
16 0.416934 0.444661 0.021902 0.045122
16 0.478098 0.438702 0.021368 0.045122
16 0.527244 0.418269 0.028846 0.060447
16 0.413194 0.284605 0.028312 0.050230
16 0.362179 0.254382 0.020299 0.044271
16 0.156784 0.488507 0.022970 0.045974
16 0.053152 0.395282 0.018697 0.041717
16 0.201389 0.792443 0.048077 0.073217
17 0.755876 0.673678 0.021368 0.024690
17 0.756410 0.698793 0.023504 0.022135
17 0.759882 0.724334 0.026175 0.025541
6 0.888889 0.728165 0.043803 0.062149