4 0.280182 0.578885 0.035791 0.053452
2 0.352030 0.524571 0.028846 0.048279
2 0.390759 0.507759 0.028312 0.054314
15 0.322650 0.575437 0.030983 0.070695
0 0.239850 0.221531 0.024573 0.033623
0 0.172810 0.230152 0.020833 0.042245
0 0.153045 0.297830 0.020833 0.043107
0 0.195513 0.397406 0.018162 0.035347
0 0.265224 0.121954 0.024038 0.037934
0 0.279380 0.076261 0.022436 0.032761
0 0.216346 0.063760 0.025641 0.040520
0 0.204060 0.115057 0.020299 0.036210
0 0.186966 0.169372 0.020299 0.032761
0 0.436966 0.385336 0.023504 0.045693
0 0.463141 0.372404 0.021368 0.043969
0 0.467147 0.455600 0.021902 0.043107
0 0.514156 0.475429 0.018697 0.044831
0 0.501068 0.432323 0.023504 0.046555
0 0.537393 0.403872 0.019231 0.039658
0 0.560630 0.388785 0.018697 0.037072
0 0.497863 0.349989 0.020299 0.042245