2 0.694712 0.586703 0.037927 0.062666
2 0.746795 0.600009 0.044872 0.056657
21 0.132479 0.561808 0.023504 0.042064
21 0.105502 0.557945 0.024038 0.037772
21 0.073451 0.549361 0.021902 0.041205
21 0.165064 0.471671 0.025641 0.038630
21 0.133280 0.466950 0.024038 0.036055
21 0.099893 0.463087 0.022436 0.036913
21 0.070780 0.456219 0.024038 0.038630
21 0.039797 0.454073 0.020833 0.042922
0 0.587340 0.551936 0.029380 0.056657
0 0.628472 0.555799 0.032585 0.059233
8 0.703526 0.655378 0.017094 0.038630
8 0.723825 0.661387 0.014957 0.042064
8 0.739850 0.660958 0.017094 0.030904
8 0.758013 0.665250 0.021368 0.039488