21 0.674145 0.488795 0.021368 0.043957
21 0.704594 0.491812 0.022436 0.039648
21 0.732639 0.498276 0.028312 0.038786
21 0.757479 0.502155 0.022436 0.036200
21 0.785256 0.504310 0.024573 0.035338
21 0.816506 0.510343 0.028312 0.038786
21 0.847489 0.513791 0.020833 0.035338
21 0.873397 0.521117 0.023504 0.037924
21 0.909188 0.526719 0.024573 0.042234
21 0.941506 0.532753 0.021902 0.037062
21 0.884615 0.613772 0.024573 0.037062
21 0.915064 0.620668 0.023504 0.037062
21 0.853900 0.606877 0.021902 0.038786
0 0.748665 0.590501 0.038996 0.045681
0 0.686966 0.575848 0.032051 0.043957