21 0.592726 0.668989 0.009348 0.017268
21 0.602742 0.678882 0.011574 0.016189
21 0.611979 0.687876 0.011351 0.018347
21 0.621995 0.698308 0.010461 0.019786
21 0.632790 0.708022 0.010239 0.018347
21 0.582042 0.656758 0.009348 0.016548
21 0.570357 0.644706 0.010461 0.016908
21 0.560675 0.635533 0.010684 0.017268
21 0.546541 0.622222 0.011351 0.019426
21 0.535746 0.610710 0.009793 0.019426
21 0.556446 0.585888 0.009348 0.020865
21 0.567352 0.597220 0.009348 0.016189
21 0.579594 0.606753 0.010684 0.016548
2 0.322627 0.385509 0.016248 0.026621
2 0.341880 0.403676 0.018251 0.026262