2 0.483173 0.689879 0.027244 0.047687
2 0.510417 0.723693 0.030449 0.044218
2 0.591346 0.582801 0.029915 0.041617
2 0.568643 0.540317 0.027244 0.045085
2 0.545940 0.510404 0.027778 0.045952
2 0.309829 0.359541 0.030983 0.040750
16 0.508547 0.643493 0.026709 0.050288
16 0.534989 0.678174 0.031517 0.053756
16 0.126335 0.480925 0.022970 0.026878
4 0.341346 0.405494 0.034188 0.063293
4 0.787126 0.626153 0.040064 0.062426
4 0.838141 0.473989 0.034188 0.071963
4 0.799947 0.401592 0.043269 0.057224
4 0.848291 0.372980 0.033120 0.058958
15 0.778846 0.365611 0.038462 0.045952