2 0.568910 0.493493 0.029915 0.038176
2 0.537927 0.487853 0.033120 0.047720
2 0.500267 0.480912 0.027244 0.044250
2 0.469017 0.475272 0.025641 0.045117
2 0.436966 0.459221 0.027778 0.047720
2 0.400641 0.459655 0.032051 0.048588
2 0.379274 0.113031 0.027778 0.052926
15 0.707532 0.502603 0.033654 0.068544
15 0.677618 0.500868 0.030449 0.066809
15 0.651175 0.497831 0.028846 0.067676
15 0.625000 0.497397 0.034188 0.068544
15 0.610310 0.630147 0.035791 0.068544
15 0.646635 0.634485 0.036859 0.073750
15 0.677083 0.642727 0.035791 0.071147
15 0.470887 0.602382 0.034722 0.073750
15 0.438568 0.597610 0.025641 0.076353
15 0.407051 0.588066 0.028846 0.074617
19 0.331998 0.672227 0.021902 0.031235
19 0.329327 0.696955 0.024038 0.023426
19 0.329060 0.719080 0.023504 0.020823
19 0.327991 0.739903 0.022436 0.026029
19 0.325321 0.764197 0.022436 0.024294
19 0.324519 0.789359 0.020833 0.024294
19 0.321047 0.811484 0.022436 0.025162
15 0.325321 0.906491 0.047009 0.055529
15 0.319712 0.962888 0.046474 0.048588