15 0.631410 0.509104 0.023504 0.062426
15 0.665064 0.509537 0.025641 0.058091
15 0.697115 0.514739 0.026709 0.066761
15 0.731838 0.509971 0.029915 0.060692
15 0.764957 0.511271 0.027778 0.056357
15 0.797810 0.512138 0.030449 0.066761
15 0.832265 0.512138 0.029915 0.063293
15 0.863782 0.510404 0.028846 0.063293
15 0.896902 0.508670 0.034188 0.061559
15 0.932158 0.510838 0.027778 0.062426
15 0.967949 0.513439 0.035256 0.074564
22 0.257479 0.362576 0.020299 0.053756
22 0.211271 0.357807 0.017628 0.044218
22 0.164797 0.359541 0.022970 0.044218
22 0.155983 0.500867 0.010684 0.047687
22 0.145299 0.500000 0.011752 0.045952
22 0.135150 0.500434 0.011752 0.039883
22 0.120726 0.499133 0.012821 0.040750
22 0.102564 0.499566 0.012821 0.043351
22 0.087874 0.497399 0.012286 0.039016
22 0.076923 0.500000 0.011752 0.039016
22 0.059829 0.496098 0.011752 0.041617
22 0.044605 0.499133 0.011218 0.039016
22 0.032853 0.501734 0.012286 0.039016