22 0.079594 0.432561 0.006410 0.027508
22 0.087505 0.433948 0.005596 0.027888
22 0.096663 0.432258 0.006614 0.024508
22 0.103658 0.430779 0.007886 0.021550
22 0.109763 0.431413 0.006868 0.022818
22 0.117140 0.431202 0.006359 0.022395
22 0.127824 0.433103 0.007377 0.020283
22 0.133547 0.431413 0.006614 0.021128
22 0.141051 0.431835 0.004833 0.016057
22 0.146775 0.432258 0.005596 0.022818
22 0.148555 0.358734 0.009666 0.027043
22 0.173993 0.361269 0.009666 0.023663
22 0.198794 0.358523 0.008394 0.021550
15 0.392374 0.437540 0.014499 0.040142
15 0.410434 0.440286 0.016534 0.038030
15 0.427350 0.441977 0.017298 0.035494
15 0.443503 0.438808 0.015008 0.032537
15 0.461818 0.439230 0.014499 0.032537
15 0.481024 0.439230 0.015263 0.032537
15 0.497431 0.439230 0.016026 0.031691
15 0.514474 0.438385 0.015517 0.032537
15 0.532153 0.438174 0.014754 0.033804
15 0.548306 0.440709 0.015008 0.033804
15 0.566621 0.442611 0.017043 0.033382
15 0.639118 0.440709 0.014499 0.038030
15 0.658196 0.439653 0.014499 0.035917
15 0.675875 0.439441 0.014754 0.036339
15 0.696098 0.440075 0.013991 0.040142
15 0.727768 0.494584 0.024420 0.028311
15 0.725351 0.525853 0.021622 0.030001
15 0.725860 0.549939 0.021622 0.024931
15 0.725351 0.678183 0.020604 0.027888
15 0.726877 0.703537 0.021622 0.027043
15 0.725987 0.731848 0.018824 0.027043
15 0.772156 0.750017 0.023148 0.028734
15 0.770248 0.722129 0.019333 0.027888
15 0.769740 0.700790 0.021876 0.026621
15 0.768213 0.679874 0.020859 0.027888
2 0.765797 0.657267 0.015517 0.024085
2 0.763762 0.629379 0.016534 0.024931
2 0.766941 0.572334 0.015263 0.027466
2 0.763635 0.539586 0.014245 0.022818