6 0.133547 0.558644 0.064103 0.078480
6 0.243056 0.549589 0.049145 0.081067
6 0.407051 0.552176 0.054487 0.075892
6 0.462340 0.545708 0.050748 0.080205
6 0.516293 0.544846 0.050748 0.076755
6 0.631677 0.544846 0.052885 0.066406
6 0.688568 0.540102 0.048077 0.072443
6 0.639156 0.662134 0.057158 0.085379
6 0.703526 0.355977 0.047009 0.075030
6 0.637019 0.349078 0.049679 0.075030
6 0.576389 0.351665 0.059829 0.085379
4 0.770833 0.352096 0.039530 0.051745
4 0.742254 0.333554 0.041132 0.052607
4 0.745459 0.548295 0.033654 0.061231
4 0.786058 0.550020 0.038996 0.062956