12 0.546835 0.531646 0.029439 0.035443
12 0.653888 0.525738 0.027298 0.033755
12 0.609193 0.671730 0.025693 0.035443
12 0.532116 0.230802 0.029975 0.029536
12 0.440586 0.316456 0.020340 0.040506
12 0.437374 0.280591 0.017128 0.039662
12 0.424528 0.319409 0.019269 0.036287
12 0.350929 0.298734 0.015523 0.042194
12 0.246018 0.308017 0.016593 0.047257
12 0.193830 0.164557 0.023552 0.048945
12 0.136825 0.345148 0.030510 0.033755
12 0.045830 0.429958 0.032651 0.029536
12 0.137895 0.508017 0.031580 0.032068
12 0.049844 0.594515 0.029975 0.027848
12 0.143248 0.668776 0.031580 0.027848
12 0.783421 0.758650 0.024087 0.045570
12 0.832933 0.754008 0.017128 0.044726
12 0.850597 0.747679 0.016058 0.047257
12 0.868528 0.743882 0.014452 0.048101
12 0.884586 0.752321 0.015523 0.048101
12 0.897700 0.748945 0.016058 0.053165
12 0.914293 0.746414 0.016058 0.046414
12 0.928477 0.744304 0.013382 0.047257
12 0.942127 0.743460 0.013917 0.050633
12 0.958720 0.742616 0.016058 0.047257
12 0.971566 0.740928 0.018199 0.045570
12 0.988427 0.741350 0.016593 0.051477