0 0.422276 0.621917 0.025107 0.044098
0 0.413194 0.548421 0.027244 0.042368
0 0.410524 0.491353 0.026175 0.047556
0 0.437233 0.773233 0.019765 0.044098
0 0.407051 0.784473 0.022436 0.049286
0 0.314103 0.532857 0.024573 0.038910
0 0.267094 0.535019 0.024573 0.041504
0 0.165331 0.515564 0.019765 0.040639
0 0.258280 0.413966 0.025107 0.038045
0 0.157318 0.399699 0.025107 0.044098
0 0.257746 0.673364 0.021902 0.043233
0 0.329594 0.667744 0.020299 0.049286
0 0.381944 0.691090 0.024573 0.047556
0 0.602564 0.680714 0.026709 0.033722
0 0.690438 0.640507 0.025107 0.034586
0 0.693910 0.752481 0.022436 0.035451
0 0.694712 0.812575 0.024038 0.039774
0 0.655716 0.856672 0.022970 0.031128
0 0.609241 0.789661 0.020833 0.033722
0 0.607906 0.730864 0.020299 0.031992
0 0.604167 0.612838 0.020299 0.038045
0 0.599359 0.551880 0.019231 0.033722
0 0.686165 0.505620 0.022970 0.039774
0 0.682692 0.447688 0.021368 0.031128
0 0.599626 0.436880 0.021902 0.038910
0 0.733707 0.234117 0.026175 0.038045