13 0.091880 0.451392 0.045940 0.073987
13 0.144498 0.447521 0.044338 0.073127
13 0.200588 0.440638 0.036859 0.062803
14 0.345085 0.518927 0.047009 0.076568
14 0.502938 0.521938 0.050748 0.080870
14 0.622863 0.523229 0.049145 0.076568
14 0.678686 0.524089 0.045406 0.069686
14 0.732906 0.527100 0.044872 0.075708
14 0.786859 0.526670 0.049145 0.078289
14 0.857639 0.527960 0.047543 0.075708
14 0.971421 0.525379 0.047543 0.073987
14 0.075855 0.281909 0.040598 0.073987
14 0.019498 0.276747 0.038996 0.080870