13 0.414263 0.509051 0.043269 0.074132
13 0.462073 0.511206 0.044872 0.066374
13 0.512019 0.510344 0.042201 0.069822
13 0.556624 0.513361 0.044872 0.065512
13 0.605235 0.512068 0.040598 0.064650
13 0.649840 0.514223 0.043269 0.068960
13 0.839209 0.513792 0.048077 0.071546
13 0.889957 0.516809 0.041667 0.068960
13 0.936432 0.515947 0.044872 0.068960
13 0.981838 0.517240 0.036324 0.071546
12 0.365919 0.516378 0.023504 0.064650
12 0.340545 0.516378 0.020833 0.061202
12 0.316239 0.512930 0.021368 0.062926