14 0.591079 0.527354 0.027244 0.051972
14 0.677885 0.525530 0.026709 0.044678
14 0.744658 0.529177 0.026709 0.051972
14 0.775374 0.527810 0.022970 0.049237
14 0.805021 0.530545 0.025641 0.049237
14 0.833868 0.528722 0.028846 0.043766
14 0.873932 0.531457 0.032051 0.045590
14 0.936966 0.530545 0.026709 0.049237
14 0.408654 0.383290 0.026709 0.046502
14 0.440972 0.383290 0.026175 0.051972
13 0.450588 0.480852 0.025107 0.046502
13 0.479968 0.482676 0.026175 0.042854
13 0.511752 0.477661 0.030983 0.045590
13 0.311165 0.518236 0.022970 0.041031
13 0.284188 0.519604 0.021368 0.043766
13 0.258814 0.520060 0.024038 0.041031
13 0.231571 0.518692 0.025107 0.043766
13 0.127404 0.518236 0.022970 0.037384
13 0.102564 0.517324 0.021368 0.039207
13 0.076923 0.515501 0.023504 0.041031
13 0.052083 0.516412 0.026175 0.041031
13 0.024840 0.512309 0.025107 0.040119