22 0.400641 0.551419 0.014957 0.038564
22 0.381677 0.549705 0.014423 0.038564
22 0.355502 0.553990 0.011218 0.033422
22 0.343483 0.557417 0.012821 0.035136
22 0.327190 0.557846 0.013355 0.035993
22 0.314103 0.559131 0.011752 0.031708
22 0.298611 0.560845 0.013889 0.035136
22 0.286325 0.557846 0.012821 0.034279
22 0.269765 0.560845 0.011752 0.033422
22 0.258814 0.563416 0.010150 0.035136
22 0.243323 0.564702 0.012286 0.032565
22 0.230502 0.564273 0.010150 0.035136
22 0.214476 0.569415 0.011218 0.036850
22 0.200321 0.569415 0.012821 0.036850
22 0.676282 0.424157 0.012821 0.037707
22 0.686432 0.423729 0.009615 0.031708
22 0.725962 0.419016 0.011752 0.035993
22 0.735577 0.419444 0.010684 0.033422
22 0.745726 0.417730 0.009615 0.031708
22 0.756143 0.416445 0.009081 0.035993
22 0.764423 0.414302 0.007479 0.031708
22 0.773771 0.414731 0.009081 0.034279
22 0.783120 0.413874 0.008547 0.032565
22 0.792735 0.412588 0.010684 0.035136
22 0.801015 0.411303 0.010150 0.032565
22 0.810630 0.412588 0.010150 0.035136
22 0.819979 0.410017 0.009615 0.031708
22 0.829594 0.407875 0.008547 0.030851
22 0.838942 0.409160 0.009081 0.035136
0 0.639957 0.426728 0.018162 0.037707
0 0.598558 0.424586 0.012286 0.035136
0 0.568109 0.429299 0.017628 0.030851