0 0.530983 0.435961 0.012821 0.024396
0 0.549947 0.433782 0.012286 0.025267
0 0.578793 0.435089 0.012286 0.026139
22 0.279380 0.535346 0.007479 0.023089
22 0.288328 0.535346 0.007746 0.023960
22 0.299546 0.533385 0.007212 0.020911
22 0.308093 0.532514 0.007212 0.024396
22 0.318376 0.529900 0.008013 0.020911
22 0.325855 0.527069 0.007479 0.023089
22 0.337473 0.527286 0.007746 0.024396
22 0.345753 0.528376 0.007212 0.023960
22 0.356303 0.526633 0.007479 0.022218
22 0.365518 0.525326 0.008280 0.022218
22 0.376068 0.524455 0.006944 0.023089
22 0.383948 0.524890 0.007212 0.023960
22 0.402911 0.522059 0.007746 0.020911
22 0.414263 0.522277 0.007479 0.023960
22 0.603900 0.432970 0.009081 0.022218
22 0.611245 0.433405 0.007746 0.023089
22 0.638355 0.429703 0.006410 0.023525
22 0.644899 0.428613 0.007746 0.023960
22 0.651442 0.429049 0.005876 0.023089
22 0.657853 0.428396 0.006944 0.023525
22 0.663862 0.427089 0.007746 0.023525
22 0.670139 0.426435 0.007479 0.023089
22 0.676816 0.425346 0.006410 0.024396
22 0.682959 0.425346 0.006410 0.022653
22 0.688835 0.424910 0.006410 0.023525
22 0.695913 0.423386 0.007212 0.021346
22 0.702190 0.424475 0.006944 0.021782
22 0.707933 0.422514 0.006677 0.022218
22 0.714877 0.422950 0.007746 0.023089
22 0.855369 0.407267 0.007746 0.021346
22 0.875534 0.405089 0.005876 0.024832
22 0.885150 0.402257 0.007479 0.020040