0 0.175837 0.541930 0.015135 0.030766
0 0.206849 0.544334 0.018993 0.033650
0 0.233410 0.542171 0.017509 0.034131
0 0.255817 0.542411 0.017213 0.037496
0 0.281339 0.539286 0.016026 0.036054
0 0.305674 0.538565 0.016619 0.035573
2 0.044071 0.523904 0.025226 0.039899
2 0.378828 0.527990 0.025819 0.040380
2 0.414738 0.529913 0.024632 0.038457
21 0.467266 0.534479 0.013355 0.025478
21 0.556297 0.531114 0.011574 0.024516
21 0.570988 0.528470 0.014839 0.023074
19 0.530775 0.533518 0.011574 0.027401
19 0.518014 0.535200 0.011574 0.027881
19 0.492640 0.533999 0.011871 0.028362
19 0.481956 0.537364 0.010090 0.025478
19 0.544278 0.531595 0.011871 0.033169
19 0.669516 0.527509 0.015432 0.032689
19 0.686135 0.528470 0.015432 0.031727
17 0.744005 0.502271 0.016026 0.030285
17 0.797721 0.469823 0.015432 0.033650
17 0.852178 0.438096 0.013355 0.033650
17 0.869243 0.426078 0.014245 0.035573
17 0.942248 0.380891 0.014245 0.032689
21 0.607342 0.530153 0.011574 0.027401
19 0.435660 0.531114 0.013651 0.035092