11 0.286191 0.770988 0.026442 0.056920
4 0.309696 0.759094 0.028045 0.048424
4 0.339877 0.736156 0.026976 0.053522
2 0.256944 0.691342 0.025641 0.035256
4 0.366987 0.721289 0.027244 0.043327
13 0.448317 0.665219 0.039263 0.071362
13 0.629274 0.537573 0.040598 0.067539
7 0.527110 0.611484 0.030182 0.048000
21 0.567308 0.568582 0.011752 0.023363
21 0.579594 0.559449 0.009081 0.022938
21 0.420807 0.672865 0.013622 0.022938
21 0.338275 0.635272 0.011485 0.022513
18 0.351496 0.627626 0.008547 0.022513
18 0.361245 0.619343 0.010417 0.022088
18 0.371928 0.611484 0.009882 0.025911
19 0.587874 0.459415 0.012821 0.031009
19 0.621795 0.436052 0.014423 0.034407
20 0.384615 0.599803 0.013889 0.031433
20 0.398371 0.593431 0.012019 0.033133
20 0.409722 0.579626 0.013355 0.036956
19 0.422142 0.573892 0.014156 0.038230
19 0.435230 0.564334 0.010951 0.036106
19 0.446982 0.558175 0.014156 0.032283
19 0.468884 0.540759 0.012553 0.028885
22 0.500401 0.524405 0.012553 0.033557
22 0.512286 0.516972 0.013355 0.033982
22 0.523237 0.508476 0.011218 0.030584
22 0.533120 0.502317 0.013355 0.034407
22 0.543002 0.494883 0.012821 0.031433
22 0.556090 0.489998 0.014957 0.032708
22 0.575721 0.475344 0.012553 0.032283
18 0.554354 0.576016 0.012553 0.022938