0 0.588675 0.642376 0.018162 0.037104
0 0.610844 0.655320 0.018697 0.030201
0 0.649306 0.637199 0.019765 0.031927
21 0.126603 0.587152 0.016026 0.023298
17 0.092147 0.765769 0.012286 0.030201
17 0.103632 0.842135 0.012821 0.032790
17 0.090545 0.836958 0.009081 0.031064
17 0.080128 0.828760 0.010684 0.033653
17 0.329861 0.324402 0.010150 0.027612
17 0.290331 0.310165 0.017628 0.030201
2 0.852831 0.592760 0.028312 0.039693
2 0.795673 0.559539 0.021902 0.040556
20 0.771902 0.554793 0.014957 0.031064
20 0.753472 0.541850 0.014423 0.032790
20 0.736111 0.536241 0.014957 0.033653
22 0.722222 0.522435 0.011752 0.035378
22 0.704594 0.513375 0.012821 0.032790
15 0.682959 0.497843 0.024038 0.056951
15 0.629274 0.467210 0.018162 0.066442
12 0.656250 0.488782 0.020833 0.057813
20 0.503739 0.537967 0.017094 0.033653
20 0.487447 0.526750 0.011218 0.030201
20 0.471154 0.517689 0.011752 0.031064
20 0.454594 0.511649 0.016026 0.032790
20 0.436699 0.500431 0.014423 0.031064
20 0.369658 0.492234 0.020299 0.028475
18 0.078714 0.754747 0.009741 0.024364
18 0.117521 0.783426 0.010055 0.019796
18 0.069916 0.826824 0.007856 0.026394
18 0.062846 0.819464 0.008798 0.021826
19 0.131347 0.548162 0.016340 0.023349
19 0.134490 0.528874 0.017597 0.024364
19 0.153186 0.426089 0.019796 0.022841
20 0.136689 0.510093 0.018225 0.023349
20 0.143288 0.487506 0.020111 0.021826
20 0.144859 0.465680 0.019482 0.021826
20 0.149573 0.446646 0.021996 0.022334
18 0.367333 0.354012 0.011941 0.025887
20 0.367176 0.577855 0.019796 0.018780