17 0.042958 0.679087 0.006232 0.017662
17 0.036725 0.677645 0.006232 0.016220
17 0.031050 0.673860 0.004674 0.014418
17 0.038840 0.636733 0.005564 0.016581
18 0.052862 0.646826 0.005564 0.014418
18 0.021145 0.667552 0.005342 0.014779
18 0.026598 0.669535 0.005564 0.013697
18 0.031384 0.631326 0.005787 0.013697
17 0.158142 0.379729 0.007790 0.016581
17 0.180400 0.389281 0.007345 0.016220
21 0.061654 0.534544 0.006677 0.011174
21 0.064436 0.524452 0.008681 0.011174
19 0.064659 0.513097 0.010906 0.012976
19 0.066996 0.502284 0.010239 0.012255
19 0.072672 0.479936 0.011797 0.013697
19 0.079238 0.445152 0.009348 0.014779
19 0.075120 0.467500 0.010461 0.011174
20 0.076901 0.458489 0.010461 0.012616
20 0.068554 0.491470 0.010239 0.012976
20 0.406094 0.506970 0.009126 0.021627
20 0.416555 0.508952 0.007790 0.017662
20 0.426794 0.516522 0.008235 0.016941
22 0.388622 0.493813 0.006677 0.021267
22 0.398081 0.498679 0.006455 0.020906
20 0.200098 0.483360 0.010684 0.013337
20 0.197872 0.530940 0.011129 0.014058
20 0.237602 0.489307 0.008235 0.016581
20 0.247841 0.492732 0.008235 0.017662
20 0.257523 0.496697 0.008903 0.015500
20 0.266092 0.501923 0.008681 0.014418
20 0.275107 0.507510 0.008903 0.016941
15 0.347334 0.468041 0.013132 0.033162
15 0.377382 0.483540 0.012242 0.032441
12 0.362024 0.478133 0.013132 0.034604
2 0.439592 0.520126 0.011129 0.020546
2 0.472534 0.538329 0.011129 0.019465
0 0.546541 0.548242 0.010461 0.022709
0 0.563568 0.548242 0.009793 0.020546
0 0.579705 0.547341 0.011797 0.021627
0 0.592170 0.548422 0.010461 0.019465
0 0.605970 0.546800 0.010461 0.019104
0 0.618657 0.547341 0.010906 0.023790
4 0.639134 0.538509 0.018029 0.029197
2 0.661392 0.540852 0.013577 0.021627
2 0.679754 0.542835 0.015135 0.024150
22 0.701901 0.541033 0.006010 0.018383
19 0.693332 0.541753 0.007568 0.018383
19 0.754652 0.541393 0.007345 0.019104
19 0.825209 0.539771 0.008235 0.019465
19 0.835337 0.539230 0.007568 0.020546
17 0.867722 0.526614 0.008681 0.017662
17 0.897547 0.507871 0.008235 0.016941
17 0.927373 0.490389 0.007345 0.018744
17 0.936276 0.482819 0.009126 0.017302
17 0.976562 0.457407 0.007790 0.020546
17 0.986579 0.449838 0.008235 0.017662