6 0.096518 0.351778 0.024524 0.037765
6 0.119707 0.339387 0.020882 0.036585
6 0.095061 0.476874 0.027438 0.030684
7 0.138403 0.313030 0.018939 0.031077
2 0.283970 0.658617 0.014812 0.022029
12 0.299752 0.709757 0.011898 0.031471
4 0.312743 0.700709 0.014083 0.028324
4 0.330104 0.685367 0.016754 0.032257
4 0.348193 0.676319 0.015054 0.027537
13 0.391900 0.647405 0.019425 0.037371
13 0.497038 0.571286 0.021368 0.036978
13 0.439005 0.614755 0.020396 0.027930
22 0.423708 0.562435 0.007284 0.017702
22 0.430021 0.558108 0.007770 0.020063
22 0.437184 0.554370 0.007042 0.018882
22 0.442648 0.549256 0.006799 0.020456
22 0.447868 0.545716 0.008013 0.019669
22 0.455274 0.543356 0.005342 0.018882
19 0.405012 0.572663 0.008256 0.019276
19 0.392628 0.580530 0.007770 0.017702
19 0.386072 0.586234 0.007770 0.018096
19 0.379395 0.589185 0.007527 0.016129
19 0.372596 0.596069 0.007527 0.018096
19 0.365433 0.601380 0.007770 0.020849
19 0.358392 0.605510 0.008256 0.018096