18 0.342771 0.498943 0.014839 0.024628
18 0.379274 0.528400 0.010090 0.029457
18 0.390402 0.561719 0.012761 0.025593
18 0.518608 0.552786 0.012761 0.027042
18 0.539827 0.568963 0.013058 0.023662
18 0.569059 0.589244 0.013948 0.021730
18 0.589833 0.605663 0.012168 0.025593
18 0.708244 0.518742 0.013948 0.029457
18 0.758250 0.484939 0.013058 0.030422
18 0.787779 0.450895 0.013948 0.021247
18 0.786592 0.394155 0.013948 0.023662
18 0.794753 0.362284 0.013058 0.024628
18 0.758695 0.369045 0.012168 0.027525
18 0.748012 0.377978 0.012761 0.029939
18 0.736883 0.385463 0.016026 0.029457
18 0.723231 0.396570 0.013058 0.030422
18 0.711806 0.405262 0.013355 0.029457
18 0.687619 0.426992 0.015432 0.030422