18 0.461004 0.551161 0.011752 0.028976
18 0.478098 0.538936 0.014957 0.029881
18 0.504006 0.519015 0.011218 0.031692
18 0.522436 0.508602 0.016026 0.034409
18 0.552350 0.488681 0.016026 0.036220
18 0.567041 0.473288 0.013355 0.032598
21 0.653579 0.399037 0.016560 0.034409
21 0.664530 0.389076 0.012821 0.034409
21 0.678953 0.377758 0.014957 0.038936
21 0.694979 0.363270 0.011752 0.031692
21 0.710203 0.352404 0.013355 0.037125
21 0.724626 0.341991 0.014423 0.034409
21 0.741987 0.330219 0.013889 0.034409
21 0.756143 0.322522 0.011218 0.029881
21 0.769498 0.310298 0.011218 0.028976
21 0.784989 0.297168 0.013355 0.037125
21 0.798344 0.284944 0.013355 0.032598
21 0.813301 0.274984 0.013355 0.036220
21 0.284188 0.682911 0.013889 0.029881
21 0.270032 0.691060 0.015491 0.028070
21 0.257746 0.698757 0.014423 0.032598
21 0.239850 0.715509 0.014957 0.029881
21 0.225694 0.722300 0.013355 0.028976
21 0.211538 0.734524 0.013889 0.029881
21 0.194177 0.748559 0.012286 0.025354
21 0.182158 0.756709 0.013889 0.021732
21 0.167201 0.767575 0.013889 0.021732
21 0.150374 0.780252 0.016560 0.027165
21 0.133814 0.790665 0.012286 0.024448
21 0.121528 0.801531 0.014423 0.024448
21 0.105235 0.817377 0.013889 0.025354