21 0.787927 0.326889 0.018162 0.031866
21 0.805288 0.316554 0.015491 0.026699
21 0.820246 0.307511 0.016560 0.032728
21 0.836004 0.296314 0.014957 0.029283
21 0.849626 0.285979 0.012286 0.031005
21 0.866219 0.272129 0.013021 0.028529
21 0.880242 0.261632 0.015024 0.030144
21 0.894598 0.251943 0.014356 0.025838
21 0.912627 0.238486 0.014356 0.024761
21 0.925147 0.231220 0.013355 0.031759
21 0.939169 0.222607 0.014690 0.029605
0 0.710804 0.389205 0.018697 0.041986
0 0.661725 0.433613 0.021368 0.040371
0 0.628339 0.452722 0.020700 0.038756
7 0.597122 0.479367 0.035056 0.058673
7 0.558727 0.504666 0.035724 0.059749
2 0.269932 0.723209 0.025040 0.040371
2 0.217348 0.764926 0.030048 0.047369