6 0.583868 0.423969 0.065171 0.101086
6 0.653846 0.307332 0.053419 0.092446
6 0.663194 0.424833 0.059295 0.102814
6 0.553686 0.604110 0.064637 0.091582
20 0.750801 0.789867 0.030449 0.034559
20 0.745459 0.749259 0.027244 0.038015
20 0.741720 0.703468 0.028312 0.036287
20 0.734241 0.663293 0.028312 0.037151
18 0.352831 0.761787 0.015491 0.031967
18 0.333868 0.767403 0.014957 0.032831
18 0.309295 0.759627 0.013889 0.032831
18 0.293803 0.759195 0.012821 0.033695
18 0.252137 0.751851 0.016026 0.034559
18 0.233440 0.755739 0.016026 0.035423
18 0.216613 0.748395 0.013355 0.032831
18 0.202991 0.744075 0.016026 0.034559
18 0.185096 0.732412 0.017628 0.033695
18 0.172009 0.717724 0.018162 0.037151
18 0.144498 0.687485 0.024038 0.031967
18 0.131677 0.671933 0.021902 0.033695
18 0.115652 0.659405 0.017628 0.039743
0 0.488782 0.652061 0.021368 0.049247
0 0.425481 0.650333 0.024038 0.049247
0 0.393429 0.646877 0.026175 0.050975
0 0.368323 0.642557 0.024038 0.050975
0 0.342682 0.633054 0.025107 0.052703
0 0.314904 0.640829 0.024038 0.057887
0 0.248932 0.633486 0.026709 0.053567
0 0.223825 0.616638 0.025641 0.050975
0 0.176015 0.579055 0.024038 0.048383
0 0.413996 0.757899 0.024573 0.039743
0 0.373932 0.754875 0.021368 0.045791
0 0.276709 0.572575 0.028846 0.035423