0 0.365447 0.533304 0.010055 0.023237
0 0.385872 0.550984 0.011312 0.023237
0 0.397499 0.555783 0.012569 0.022732
0 0.429550 0.557804 0.012569 0.027783
0 0.439762 0.558561 0.014769 0.027278
0 0.452174 0.557551 0.011312 0.026268
0 0.463487 0.557804 0.012569 0.023742
0 0.478570 0.562855 0.014454 0.026773
0 0.474485 0.611097 0.013826 0.023237
0 0.455003 0.609581 0.008170 0.019196
6 0.583679 0.461321 0.026081 0.050009
6 0.549899 0.460563 0.029537 0.042432
6 0.534659 0.540881 0.030480 0.040412
18 0.337324 0.565886 0.009741 0.016670
18 0.343294 0.571695 0.010370 0.019196
18 0.350050 0.578515 0.007541 0.018690
18 0.362462 0.592154 0.008484 0.015660
18 0.370004 0.598468 0.007856 0.019196
18 0.377545 0.603772 0.005970 0.017680
18 0.383830 0.605035 0.008484 0.017175
18 0.391057 0.607813 0.006599 0.016670
18 0.399070 0.606803 0.006913 0.016670
18 0.418552 0.611602 0.008798 0.018185
18 0.425308 0.608823 0.007856 0.017680
18 0.436777 0.612865 0.007541 0.016670
18 0.444005 0.609834 0.008170 0.014649
20 0.622800 0.624736 0.015083 0.019196
20 0.620444 0.605540 0.013512 0.017175
20 0.619658 0.587102 0.013826 0.017680
20 0.615102 0.567654 0.013512 0.019196