19 0.469818 0.422249 0.013355 0.037802
19 0.486912 0.428692 0.013355 0.038661
19 0.504274 0.419671 0.012821 0.032647
19 0.526709 0.423537 0.014957 0.033506
19 0.587340 0.418812 0.013355 0.037802
19 0.606838 0.419671 0.016026 0.034365
19 0.737447 0.417953 0.015491 0.036084
19 0.759882 0.419671 0.017628 0.032647
19 0.776709 0.417953 0.019231 0.034365
19 0.798878 0.421389 0.014423 0.042957
19 0.817842 0.418812 0.014957 0.034365
19 0.837607 0.421819 0.012821 0.036943
19 0.855769 0.418812 0.013889 0.034365
19 0.876870 0.418812 0.012286 0.034365
19 0.894231 0.414946 0.016026 0.036943
19 0.915331 0.418382 0.015491 0.038661
19 0.391827 0.410650 0.014423 0.035224
19 0.366186 0.388313 0.015491 0.033506
19 0.268964 0.422678 0.014423 0.033506
19 0.253205 0.420101 0.016026 0.038661
19 0.221421 0.422249 0.013355 0.037802
19 0.188034 0.422249 0.014957 0.037802
19 0.172276 0.422249 0.015491 0.037802
19 0.157051 0.420960 0.014957 0.040379
19 0.139690 0.423967 0.015491 0.042957
19 0.123397 0.421819 0.016026 0.040379
19 0.103632 0.421389 0.013889 0.041238
19 0.087874 0.422249 0.015491 0.039520
19 0.072115 0.420960 0.013889 0.036943
19 0.058226 0.422678 0.017094 0.043816
19 0.135417 0.592786 0.016560 0.035224