19 0.426816 0.617080 0.018162 0.046317
19 0.391026 0.623513 0.017094 0.038598
19 0.374466 0.625228 0.017094 0.036882
19 0.358440 0.628659 0.011752 0.038598
19 0.344818 0.628659 0.014423 0.036882
19 0.328259 0.634663 0.014423 0.038598
19 0.313301 0.635092 0.014423 0.037740
19 0.297543 0.639381 0.012821 0.037740
19 0.283387 0.639381 0.016560 0.037740
19 0.266293 0.642383 0.014423 0.038598
19 0.251603 0.641954 0.013889 0.036025
19 0.236111 0.645385 0.012821 0.030878
19 0.221154 0.647958 0.017094 0.037740
19 0.191774 0.636379 0.014957 0.033451
19 0.177885 0.653962 0.011752 0.034309
19 0.162927 0.655249 0.013889 0.038598
19 0.147169 0.655678 0.014423 0.037740
19 0.022970 0.653104 0.018162 0.034309