8 0.529647 0.486076 0.013355 0.026978
8 0.518162 0.485630 0.010684 0.019726
8 0.504452 0.487371 0.009615 0.027849
8 0.495548 0.485921 0.008903 0.027268
8 0.484509 0.486501 0.011040 0.027268
8 0.470620 0.485921 0.010328 0.027268
8 0.458689 0.485921 0.009259 0.027268
8 0.445869 0.484760 0.010684 0.024948
8 0.432336 0.484180 0.012108 0.028429
8 0.419338 0.483310 0.008903 0.027849
8 0.408298 0.483020 0.011040 0.030750
8 0.394943 0.482730 0.011396 0.029009
8 0.382123 0.485921 0.012108 0.029589
8 0.463764 0.420655 0.011574 0.026678
8 0.478239 0.419577 0.012371 0.027482
8 0.493421 0.419119 0.010684 0.023818
8 0.507900 0.420951 0.010965 0.026566
8 0.288040 0.483702 0.011527 0.027482
8 0.274545 0.483931 0.012090 0.024276
8 0.259503 0.480725 0.010684 0.023360
8 0.246570 0.480725 0.010684 0.027024
8 0.231950 0.479122 0.010684 0.023818
8 0.215222 0.484160 0.013776 0.028398
8 0.164333 0.416829 0.013214 0.025650
8 0.177688 0.417745 0.013495 0.027482
8 0.192027 0.418890 0.013495 0.021528
8 0.205662 0.421180 0.011527 0.030688
8 0.218595 0.421180 0.010965 0.026108
8 0.231107 0.420264 0.011808 0.027940
8 0.255145 0.421410 0.013214 0.031146
8 0.288040 0.417516 0.011527 0.025192
8 0.312219 0.416142 0.010965 0.020612