8 0.129941 0.487343 0.009348 0.019525
8 0.140759 0.485824 0.008547 0.019959
8 0.150507 0.484739 0.008814 0.022129
8 0.158921 0.483655 0.010684 0.019959
8 0.170940 0.485607 0.008547 0.022129
8 0.179888 0.485173 0.006677 0.018658
8 0.178419 0.439614 0.009081 0.019525
8 0.196314 0.437444 0.007479 0.019525
8 0.154915 0.441566 0.009615 0.019959
8 0.138889 0.440482 0.009081 0.020393
8 0.246795 0.482787 0.008547 0.020827
8 0.255475 0.482136 0.008280 0.022129
8 0.263889 0.483438 0.008013 0.022129
8 0.272436 0.481919 0.009081 0.020827
8 0.280849 0.482787 0.009882 0.019959
8 0.290999 0.482787 0.010951 0.020827
8 0.300481 0.482570 0.008013 0.018658
8 0.317575 0.481919 0.009081 0.019959
8 0.302217 0.435709 0.010417 0.019525
8 0.313168 0.434624 0.008814 0.019092
8 0.323718 0.435926 0.009615 0.019959
8 0.333734 0.435492 0.007746 0.019092