8 0.532519 0.491114 0.014690 0.031457
18 0.563568 0.488715 0.013355 0.034123
18 0.547877 0.490048 0.012687 0.033590
18 0.536525 0.395942 0.012687 0.033057
18 0.552050 0.397808 0.014356 0.032524
18 0.566239 0.397008 0.013355 0.034123
18 0.580262 0.396475 0.013355 0.033057
18 0.594451 0.395142 0.013689 0.034656
18 0.262253 0.398608 0.014356 0.030924
18 0.277277 0.397808 0.015692 0.034656
18 0.292969 0.397542 0.013689 0.033057
18 0.290632 0.483383 0.013021 0.036256
18 0.306323 0.482583 0.012353 0.032524
18 0.323184 0.483650 0.013355 0.030391
18 0.339209 0.484716 0.014022 0.032524
0 0.617822 0.478584 0.024372 0.039455
9 0.215011 0.488448 0.009348 0.025059
9 0.200154 0.487382 0.010350 0.025059
9 0.172610 0.489781 0.012019 0.022393
9 0.160089 0.488981 0.012353 0.023993
9 0.318176 0.766500 0.012019 0.025592
9 0.415999 0.765700 0.008681 0.021860
9 0.437200 0.762234 0.007011 0.023460
9 0.487280 0.763834 0.011018 0.022393
9 0.537193 0.760901 0.012019 0.022927
9 0.586104 0.758769 0.010350 0.027192
9 0.634515 0.759568 0.011018 0.022393
9 0.360744 0.486315 0.014356 0.031457
9 0.414330 0.482050 0.012019 0.026126
9 0.268429 0.772898 0.013355 0.024526
9 0.288628 0.768366 0.011018 0.021860