18 0.391560 0.476238 0.016026 0.034562
18 0.408497 0.476840 0.014454 0.034562
18 0.424522 0.477602 0.015083 0.036087
18 0.440391 0.479381 0.015397 0.032529
18 0.396399 0.388910 0.014140 0.034562
18 0.379745 0.387893 0.014769 0.033546
18 0.366076 0.386368 0.016968 0.034562
18 0.633798 0.501999 0.013826 0.034054
18 0.648567 0.503778 0.013198 0.033546
18 0.663336 0.502507 0.013198 0.036087
18 0.640083 0.405937 0.015711 0.035070
18 0.657208 0.407461 0.012255 0.037104
18 0.670092 0.408224 0.015397 0.036595
18 0.682818 0.408986 0.012569 0.040153
18 0.697744 0.408478 0.012255 0.036087