18 0.639612 0.503110 0.010998 0.033133
18 0.655480 0.502600 0.014454 0.036191
18 0.669778 0.506933 0.012883 0.032623
18 0.682190 0.506168 0.013198 0.034152
18 0.698687 0.505149 0.013512 0.032113
18 0.711884 0.507952 0.013512 0.029565
18 0.728381 0.508972 0.012569 0.031604
18 0.740793 0.509482 0.014769 0.029565
18 0.745349 0.412886 0.015711 0.028036
18 0.727281 0.411357 0.014769 0.031094
18 0.703086 0.410847 0.014140 0.033133
18 0.688788 0.410083 0.011941 0.034662
18 0.676062 0.411357 0.011626 0.029055
18 0.662393 0.409828 0.015083 0.036191
18 0.645896 0.407789 0.013512 0.036191