2 0.383547 0.484979 0.027778 0.044063
21 0.209402 0.702433 0.017806 0.025751
21 0.192130 0.701288 0.013177 0.031474
21 0.176994 0.701861 0.012108 0.031474
21 0.160791 0.703005 0.013177 0.025751
21 0.147080 0.703005 0.013533 0.031474
21 0.578170 0.727039 0.011752 0.025751
21 0.593839 0.728756 0.012464 0.023462
21 0.611111 0.726753 0.012821 0.022890
21 0.626246 0.728756 0.012464 0.021173
21 0.642984 0.726181 0.011752 0.024034
21 0.671830 0.729901 0.010328 0.022318
21 0.771368 0.730759 0.012821 0.028612
21 0.787571 0.731904 0.012464 0.021745
21 0.803419 0.729901 0.014245 0.022318
21 0.824074 0.729328 0.013533 0.023462
21 0.838141 0.729042 0.011040 0.021745
21 0.851674 0.729042 0.013177 0.024034