19 0.512821 0.719023 0.018162 0.037718
19 0.572650 0.715594 0.017094 0.048005
19 0.594551 0.716880 0.018162 0.040290
19 0.614850 0.721595 0.017094 0.036004
19 0.631410 0.719452 0.019231 0.042004
19 0.739049 0.714737 0.021902 0.032575
19 0.068910 0.446852 0.017094 0.038575
19 0.049145 0.450709 0.016026 0.044576
18 0.545706 0.465195 0.011685 0.028396
18 0.531684 0.468409 0.011685 0.030539
18 0.530682 0.408939 0.010350 0.032682
18 0.544037 0.407867 0.013021 0.028396
18 0.556557 0.407867 0.011351 0.028396
18 0.567909 0.407867 0.012687 0.028396
18 0.639022 0.463855 0.014022 0.032146
18 0.659221 0.460105 0.011685 0.030003
18 0.674579 0.463587 0.011018 0.031610
18 0.686932 0.462784 0.011685 0.028932
18 0.698618 0.461176 0.008347 0.030003
18 0.709802 0.463052 0.014690 0.031610
18 0.723491 0.463855 0.012019 0.028932
18 0.735343 0.461712 0.012353 0.027860
18 0.748197 0.462516 0.012687 0.030539
18 0.761385 0.463587 0.014356 0.032682
18 0.773571 0.463855 0.012687 0.031075
18 0.787427 0.461712 0.013689 0.031075
18 0.800781 0.461444 0.012353 0.030539
18 0.747196 0.409207 0.012687 0.030003
18 0.761886 0.408403 0.010684 0.032682
18 0.775240 0.408939 0.013355 0.030539
18 0.793603 0.404653 0.012687 0.029467
18 0.769565 0.715399 0.012687 0.031610
18 0.780248 0.664233 0.018029 0.026789
21 0.456898 0.719954 0.015024 0.024645
21 0.385951 0.722364 0.015358 0.025181
21 0.368256 0.721829 0.015358 0.028396
21 0.800114 0.701737 0.013021 0.028932
21 0.786926 0.721561 0.013355 0.028932