21 0.415542 0.666808 0.007310 0.016952
21 0.424820 0.666808 0.007310 0.014203
21 0.461229 0.664976 0.009278 0.016952
21 0.628233 0.671619 0.007029 0.016494
21 0.634840 0.659936 0.006185 0.012371
21 0.489063 0.665205 0.009278 0.020160
18 0.500028 0.538291 0.005904 0.018327
18 0.506635 0.537374 0.005061 0.017411
18 0.499325 0.507593 0.005623 0.020160
18 0.506354 0.506448 0.007872 0.016952
18 0.512821 0.505531 0.006748 0.016036
18 0.519006 0.505760 0.007872 0.016494
18 0.525753 0.504844 0.007310 0.015578
18 0.609818 0.507593 0.006748 0.018327
18 0.617128 0.507135 0.007872 0.015578
18 0.623594 0.507364 0.006748 0.014203
18 0.632451 0.506906 0.008716 0.017869
18 0.554290 0.536916 0.005904 0.016494
18 0.564552 0.536687 0.006185 0.016952
18 0.572706 0.536687 0.006748 0.016036
18 0.578891 0.536458 0.006748 0.015578
18 0.585076 0.536458 0.005061 0.014662
18 0.590700 0.536229 0.006185 0.016036
18 0.597025 0.537604 0.006466 0.016952
18 0.603773 0.535771 0.005342 0.014203
18 0.610240 0.538520 0.007029 0.016952
18 0.616284 0.538749 0.006185 0.014662
18 0.623032 0.537604 0.006748 0.016036
18 0.629639 0.536000 0.005342 0.013745
18 0.636387 0.536916 0.007591 0.014662
18 0.617971 0.666121 0.006748 0.013745
18 0.625562 0.640463 0.007872 0.013745
18 0.541217 0.669328 0.007872 0.021076