0 0.287393 0.646209 0.026709 0.042877
0 0.322650 0.614052 0.026709 0.042019
0 0.090812 0.811285 0.024573 0.048879
0 0.126068 0.797135 0.025641 0.046307
0 0.026175 0.838297 0.020299 0.042877
0 0.571047 0.299766 0.012821 0.030871
0 0.591880 0.297193 0.017094 0.032586
0 0.619658 0.299766 0.017094 0.029156
0 0.641827 0.300195 0.016560 0.028299
0 0.721421 0.303625 0.018697 0.033444
0 0.747596 0.301481 0.019765 0.027441
0 0.772703 0.302338 0.016560 0.030871
0 0.801816 0.302767 0.019231 0.028299
0 0.851763 0.305769 0.016560 0.030871
0 0.875534 0.303196 0.016026 0.029156