6 0.179094 0.477314 0.022492 0.038979
6 0.236589 0.475728 0.026709 0.041245
6 0.266813 0.474368 0.023054 0.036713
6 0.319810 0.471649 0.022211 0.035806
6 0.346941 0.469383 0.021930 0.039432
6 0.375056 0.472782 0.023617 0.038979
6 0.401625 0.471422 0.026147 0.037166
6 0.451529 0.470289 0.023617 0.037619
6 0.503683 0.468703 0.020524 0.038979
6 0.465446 0.591531 0.023898 0.036259
6 0.494546 0.590625 0.025866 0.033540
6 0.360858 0.703255 0.023336 0.035806
6 0.366059 0.734755 0.024741 0.036259
6 0.308283 0.595157 0.023898 0.036259
6 0.260346 0.645240 0.026428 0.039432
6 0.387286 0.774414 0.019399 0.043058
6 0.558789 0.466437 0.024460 0.038072
6 0.586482 0.465530 0.023054 0.036259
6 0.692195 0.463491 0.024741 0.036713
6 0.718342 0.461224 0.021930 0.037619
6 0.744630 0.462131 0.025585 0.038526
2 0.612208 0.459185 0.014901 0.020849
4 0.765998 0.752885 0.019399 0.025382
4 0.778649 0.778947 0.017150 0.029461
4 0.795518 0.698723 0.017713 0.031274
4 0.348347 0.746087 0.016307 0.029914