4 0.590812 0.618180 0.034188 0.063905
4 0.662660 0.724104 0.028312 0.055151
4 0.692575 0.758682 0.031517 0.049023
4 0.632746 0.860667 0.032585 0.049898
4 0.679754 0.967029 0.030449 0.050774
4 0.494925 0.757369 0.032585 0.046397
4 0.435897 0.863731 0.033120 0.054275
4 0.459936 0.914505 0.034188 0.052524
4 0.717415 0.621244 0.033120 0.052524
6 0.401175 0.286401 0.045940 0.069157
6 0.349626 0.287276 0.045406 0.074409
6 0.296474 0.285963 0.051282 0.077036
6 0.091880 0.284650 0.048077 0.076160
6 0.038996 0.282024 0.047009 0.079662
2 0.143162 0.274583 0.027778 0.040269