8 0.386485 0.603293 0.012286 0.030127
8 0.405182 0.603723 0.011218 0.030988
8 0.418269 0.605445 0.012821 0.030988
8 0.432692 0.600280 0.009615 0.030988
8 0.445780 0.603723 0.014423 0.030988
8 0.461271 0.603293 0.015491 0.030127
8 0.475962 0.599850 0.012821 0.031849
8 0.490652 0.597267 0.012286 0.030127
8 0.506410 0.603723 0.018162 0.029266
8 0.529380 0.597267 0.012821 0.026684
8 0.545673 0.600280 0.013355 0.032709
8 0.561966 0.595546 0.014957 0.028406
8 0.573985 0.596837 0.015491 0.029266
8 0.589744 0.598559 0.014957 0.034431
8 0.606303 0.594685 0.011752 0.028406
8 0.619925 0.598128 0.012286 0.033570
8 0.633547 0.598559 0.013889 0.034431
8 0.652778 0.591242 0.012821 0.026684
8 0.668269 0.592533 0.013889 0.032709
8 0.684829 0.595546 0.011752 0.033570
8 0.683226 0.498278 0.016026 0.037013
8 0.650374 0.499139 0.013355 0.035292
8 0.633280 0.497418 0.013355 0.035292
8 0.619658 0.496557 0.012821 0.035292
8 0.604701 0.500430 0.012821 0.036152
8 0.591880 0.497418 0.012821 0.040456
8 0.576923 0.499570 0.014957 0.030988
8 0.563034 0.502152 0.013889 0.034431
8 0.548611 0.499570 0.012821 0.032709
8 0.533921 0.499570 0.017628 0.030988
8 0.517361 0.499570 0.016560 0.032709
8 0.497329 0.500000 0.017094 0.030127
8 0.480769 0.502152 0.016026 0.032709
8 0.424846 0.504560 0.016360 0.037121
8 0.371761 0.608122 0.015024 0.031203
8 0.356737 0.607046 0.014356 0.027975
8 0.342381 0.505367 0.011018 0.029051
8 0.357572 0.506174 0.014690 0.033893
8 0.375267 0.505636 0.014022 0.030665
8 0.390792 0.504022 0.014356 0.027437
8 0.296474 0.508326 0.016026 0.032817
8 0.280115 0.509133 0.011351 0.035507
8 0.267094 0.509940 0.013355 0.029589
8 0.252237 0.508864 0.013689 0.032817
8 0.236879 0.509133 0.013689 0.029051
8 0.220353 0.508595 0.014022 0.031203
8 0.155916 0.510747 0.015358 0.027975
8 0.140057 0.511823 0.015024 0.033355
8 0.117021 0.501332 0.017695 0.020981
8 0.116687 0.526079 0.016360 0.028513
8 0.117021 0.551365 0.015024 0.024209
8 0.117187 0.576381 0.016693 0.022595
8 0.118523 0.602742 0.020032 0.024747