8 0.494658 0.523696 0.008547 0.017146
8 0.507212 0.522195 0.010684 0.017575
8 0.517495 0.520910 0.009348 0.019289
8 0.527377 0.520910 0.009882 0.018432
8 0.536592 0.520481 0.009615 0.018432
8 0.546074 0.520910 0.008280 0.017575
8 0.555021 0.520052 0.009081 0.016718
8 0.564370 0.519838 0.009615 0.020575
8 0.572783 0.521338 0.009348 0.020147
8 0.585337 0.518766 0.008814 0.019289
8 0.594151 0.518981 0.010417 0.020575
8 0.602831 0.520267 0.010684 0.019718
8 0.555021 0.461541 0.008547 0.020575
8 0.562767 0.460469 0.008547 0.021861
8 0.571715 0.460469 0.009348 0.021861
8 0.583467 0.459826 0.009882 0.020575
8 0.546341 0.460898 0.009348 0.021861
8 0.537260 0.461112 0.009348 0.021433
8 0.528312 0.461112 0.008013 0.023147
8 0.520299 0.461327 0.007479 0.022719
8 0.483974 0.522410 0.007479 0.021433
8 0.474092 0.522838 0.008547 0.020575
8 0.465278 0.524767 0.008547 0.021861
8 0.455662 0.526268 0.008547 0.022290
8 0.446715 0.525839 0.007746 0.024005
8 0.438034 0.527339 0.008547 0.020147