20 0.290598 0.589714 0.020655 0.029725
20 0.294694 0.517973 0.025285 0.030297
20 0.294872 0.446804 0.021368 0.030869
20 0.292379 0.374491 0.021368 0.034870
20 0.298433 0.312468 0.026353 0.034298
20 0.435007 0.261878 0.019587 0.040586
20 0.477920 0.247873 0.015670 0.038871
20 0.523860 0.248159 0.015670 0.034870
20 0.499110 0.363059 0.016026 0.034870
20 0.359509 0.411934 0.017450 0.030869
20 0.362358 0.481960 0.023860 0.030297
20 0.542201 0.365345 0.018162 0.041730
20 0.626068 0.384781 0.019943 0.030297
20 0.621973 0.455664 0.023860 0.030297
20 0.564459 0.490820 0.019231 0.035442
20 0.626781 0.529120 0.024217 0.028582
20 0.560007 0.559988 0.020299 0.034298
20 0.623754 0.614580 0.020299 0.030297
20 0.456553 0.622869 0.018519 0.040015