20 0.049746 0.447907 0.014022 0.039841
20 0.066940 0.445753 0.013689 0.041995
20 0.083968 0.445215 0.014356 0.041995
20 0.149573 0.444138 0.014022 0.039841
20 0.168770 0.441715 0.014356 0.042533
22 0.502638 0.410219 0.013021 0.033381
22 0.440371 0.404027 0.011351 0.032842
22 0.430689 0.421795 0.006677 0.036073
22 0.423678 0.415065 0.010016 0.034457
22 0.414497 0.401066 0.011018 0.035534
22 0.420005 0.382761 0.010016 0.035534
22 0.367254 0.431486 0.011351 0.036073
22 0.357906 0.400528 0.010684 0.032304
22 0.357405 0.373339 0.009014 0.033919
22 0.369257 0.369570 0.008681 0.028535
22 0.561231 0.412911 0.012687 0.036611
22 0.555556 0.379530 0.009348 0.032304
22 0.565405 0.381146 0.008347 0.031227
22 0.497296 0.378184 0.011685 0.034996
22 0.507145 0.377646 0.009348 0.030689