20 0.252595 0.596617 0.022131 0.035937
20 0.324519 0.491595 0.024802 0.039035
20 0.319177 0.419412 0.020223 0.029741
20 0.245154 0.313151 0.022512 0.032839
20 0.436889 0.246855 0.018315 0.039035
20 0.457875 0.363339 0.014499 0.036556
20 0.502518 0.359002 0.015263 0.039035
20 0.520261 0.490666 0.018697 0.039654
20 0.587798 0.524744 0.022512 0.030980
20 0.599626 0.618613 0.024038 0.039035
20 0.573298 0.455969 0.023275 0.029741
20 0.586844 0.383786 0.019078 0.032839
20 0.799183 0.738505 0.020223 0.047089
20 0.819597 0.738505 0.015263 0.040893
20 0.837149 0.735097 0.014499 0.043991
20 0.856418 0.736026 0.014118 0.039654