19 0.498512 0.427940 0.020986 0.049865
19 0.551931 0.422707 0.019460 0.046787
19 0.575397 0.426708 0.022894 0.051097
19 0.597527 0.426708 0.019841 0.051097
19 0.618132 0.425477 0.018315 0.051097
19 0.638736 0.424246 0.021368 0.052328
19 0.659150 0.424861 0.020986 0.053559
19 0.695208 0.427940 0.019078 0.054790
19 0.717720 0.426708 0.020604 0.047403
19 0.764461 0.432557 0.017933 0.050481
19 0.787546 0.429786 0.019078 0.052328
19 0.809867 0.432249 0.018697 0.052328
19 0.829136 0.432865 0.020604 0.049865
19 0.849359 0.431941 0.019078 0.048019
18 0.256601 0.442715 0.014881 0.036322
18 0.273390 0.440560 0.014118 0.036937
18 0.285218 0.443022 0.014118 0.035706
18 0.298955 0.444254 0.012592 0.041862
18 0.312118 0.442407 0.014499 0.036937
18 0.326618 0.442099 0.013736 0.038784
18 0.341880 0.440252 0.013736 0.036322
18 0.354853 0.442407 0.011447 0.035706
18 0.367254 0.440868 0.016407 0.038784
18 0.382135 0.440868 0.014118 0.035091
18 0.399306 0.440560 0.014118 0.033244
18 0.416285 0.440560 0.016026 0.036937
18 0.431548 0.438097 0.014499 0.038169
18 0.208333 0.500583 0.014499 0.040016
18 0.222833 0.501814 0.012973 0.037553
18 0.235234 0.494119 0.015644 0.028319
18 0.254121 0.500891 0.014499 0.030781
18 0.267666 0.497813 0.017933 0.030781
18 0.289225 0.499352 0.017552 0.030166
18 0.310592 0.501814 0.015263 0.026472
18 0.344742 0.499352 0.016407 0.030166
18 0.357524 0.499660 0.014499 0.029550
18 0.371451 0.498121 0.017170 0.024009