18 0.197281 0.357604 0.006631 0.014016
18 0.201702 0.362674 0.006631 0.015209
18 0.213491 0.367445 0.004789 0.015805
18 0.226201 0.374602 0.004052 0.012823
18 0.220030 0.346868 0.006079 0.015209
18 0.225740 0.350000 0.005342 0.011929
18 0.230806 0.351491 0.005894 0.011332
18 0.235227 0.354920 0.006263 0.014016
18 0.244990 0.360884 0.005158 0.012823
18 0.249963 0.364165 0.005526 0.012823
18 0.255029 0.366998 0.005342 0.013121
18 0.265160 0.371918 0.006447 0.013420
18 0.271515 0.376690 0.005526 0.014016
18 0.282659 0.383101 0.004605 0.012525
19 0.307619 0.395775 0.007737 0.016998
19 0.327513 0.405169 0.007000 0.019086
19 0.334696 0.409642 0.006631 0.017296
19 0.343078 0.414861 0.006447 0.018787
19 0.350354 0.420378 0.005526 0.017296
19 0.357261 0.423509 0.007184 0.017595
19 0.364721 0.428131 0.007000 0.015507
19 0.377063 0.437227 0.006263 0.017595
19 0.385076 0.440507 0.007921 0.017595
19 0.402299 0.453628 0.007368 0.019384
19 0.409575 0.458847 0.007184 0.017893
19 0.416943 0.462575 0.006816 0.018191
19 0.424495 0.467644 0.009026 0.019980
19 0.431587 0.472118 0.008105 0.017595
19 0.437942 0.477038 0.010131 0.022068
19 0.446692 0.481511 0.008105 0.017296
19 0.452494 0.484792 0.010868 0.019086