19 0.280449 0.529495 0.017094 0.037302
19 0.298344 0.529061 0.014423 0.039905
19 0.263889 0.614075 0.022436 0.036435
19 0.228098 0.627088 0.013889 0.034700
19 0.208868 0.589352 0.020299 0.032097
19 0.189103 0.618846 0.018162 0.033832
19 0.383013 0.528627 0.017094 0.037302
19 0.423344 0.532965 0.015491 0.039037
19 0.459135 0.534700 0.010150 0.033832
19 0.547276 0.681740 0.014423 0.038170
19 0.571581 0.750705 0.012821 0.030362
19 0.611645 0.738560 0.018162 0.040772
19 0.627671 0.433203 0.019231 0.035567
19 0.623665 0.384624 0.020833 0.037302
17 0.688301 0.382889 0.018697 0.039037
17 0.686165 0.442312 0.022970 0.041640
19 0.626335 0.676101 0.031517 0.030362