17 0.350962 0.438677 0.016026 0.038273
17 0.368323 0.439547 0.014423 0.043492
17 0.390491 0.441721 0.014957 0.044361
17 0.407853 0.444331 0.016560 0.044361
17 0.430288 0.440851 0.015491 0.039142
17 0.447382 0.440851 0.014423 0.039142
17 0.469818 0.439547 0.013355 0.041752
17 0.486645 0.443461 0.018162 0.040882
17 0.509615 0.438677 0.016026 0.038273
17 0.526976 0.437372 0.016560 0.037403
17 0.650374 0.598291 0.020833 0.033923
17 0.868056 0.596551 0.016026 0.044361
17 0.839209 0.600901 0.019231 0.046101
17 0.845085 0.777911 0.020299 0.027835
17 0.251068 0.796613 0.016026 0.040882
17 0.226229 0.729201 0.018697 0.045231
17 0.271368 0.695712 0.024573 0.026965
17 0.272703 0.747467 0.022970 0.026095
19 0.272169 0.773562 0.021902 0.026095
19 0.549679 0.440851 0.018162 0.039142
19 0.566506 0.434763 0.017628 0.042622
19 0.589476 0.436937 0.020833 0.046971
19 0.606571 0.437807 0.017628 0.036533
19 0.634081 0.437372 0.021368 0.046101
17 0.721688 0.890120 0.024573 0.031314