17 0.546341 0.572177 0.008814 0.017659
17 0.559161 0.568515 0.008280 0.014644
17 0.489316 0.708714 0.011218 0.015075
17 0.312634 0.497878 0.007212 0.019813
17 0.320246 0.498739 0.008547 0.021536
17 0.331330 0.495724 0.007212 0.018090
17 0.339744 0.495509 0.008013 0.019382
17 0.349760 0.495294 0.007746 0.019813
17 0.358307 0.496801 0.007212 0.018521
17 0.368323 0.494647 0.008013 0.015937
17 0.376736 0.497662 0.008814 0.019382
17 0.388088 0.494432 0.007479 0.017229
17 0.396368 0.494863 0.008013 0.017229
17 0.273771 0.615679 0.009615 0.015937
17 0.264022 0.665858 0.008280 0.017229
17 0.275374 0.642599 0.011752 0.011199
19 0.250801 0.632262 0.008547 0.019813
19 0.274172 0.654444 0.011485 0.013352
19 0.447382 0.493571 0.007479 0.018952
19 0.434696 0.494217 0.007212 0.017659
19 0.426416 0.494432 0.008814 0.019813
19 0.407318 0.495078 0.009615 0.017659
17 0.125134 0.579714 0.009882 0.016367
17 0.124599 0.694500 0.010951 0.020244
17 0.121928 0.724866 0.012019 0.019813
19 0.731437 0.609434 0.008814 0.015506
19 0.728766 0.580576 0.009348 0.017229
19 0.737046 0.568515 0.010417 0.016367
19 0.749733 0.567654 0.005876 0.018090
19 0.758146 0.560547 0.008280 0.015075
19 0.767762 0.578207 0.009348 0.015937
19 0.739717 0.594574 0.009882 0.015075
19 0.749466 0.593928 0.008013 0.017229
19 0.766026 0.604480 0.010684 0.015937
19 0.757612 0.592420 0.008814 0.014214
19 0.923878 0.578207 0.011218 0.015937
19 0.940171 0.459113 0.011218 0.018952
19 0.942842 0.484526 0.009615 0.016367
17 0.970753 0.485602 0.009882 0.017659
17 0.972356 0.459759 0.010417 0.019382