6 0.341880 0.839518 0.021902 0.041437
6 0.307292 0.841654 0.023771 0.037165
6 0.417067 0.867499 0.019498 0.028194
6 0.428953 0.902315 0.025641 0.036311
6 0.542067 0.288020 0.021100 0.037165
6 0.537660 0.332020 0.021368 0.038020
6 0.518964 0.503963 0.023504 0.037592
6 0.745726 0.307029 0.023504 0.035884
6 0.764423 0.349321 0.024038 0.035029
6 0.743990 0.367263 0.021100 0.038447
6 0.715144 0.380078 0.024840 0.037592
6 0.453793 0.415962 0.028312 0.038447
3 0.334535 0.722896 0.028579 0.044000
3 0.398237 0.741692 0.031517 0.041437
3 0.143563 0.640022 0.031250 0.045709
3 0.203259 0.687012 0.028312 0.042292
3 0.762153 0.181864 0.029113 0.041864
4 0.516693 0.867712 0.016827 0.029476
4 0.539530 0.874761 0.018697 0.026486
4 0.564103 0.881382 0.018697 0.026913