0 0.416934 0.626429 0.040064 0.073606
19 0.474259 0.621536 0.019698 0.047086
19 0.495459 0.618560 0.018029 0.042215
19 0.523337 0.618018 0.017695 0.045462
19 0.545039 0.618560 0.019030 0.042215
19 0.561899 0.618289 0.013355 0.042756
19 0.581096 0.618560 0.015692 0.040050
19 0.651876 0.615042 0.016360 0.046004
19 0.631677 0.616124 0.017361 0.046004
19 0.615318 0.616936 0.014690 0.041133
19 0.597623 0.618830 0.014022 0.043839
19 0.731170 0.521140 0.022703 0.027061
19 0.711639 0.508421 0.019698 0.024355
19 0.728833 0.493538 0.023371 0.023814
19 0.711639 0.483255 0.021034 0.025979
19 0.710136 0.453488 0.022035 0.030308
19 0.710637 0.426156 0.021034 0.027602
19 0.709635 0.396118 0.021701 0.033556
19 0.730669 0.408837 0.027043 0.026520
19 0.730669 0.438334 0.022369 0.032473
19 0.731170 0.468101 0.026709 0.024896
2 0.735343 0.616395 0.033053 0.047627
2 0.774406 0.611524 0.032385 0.044380
2 0.823818 0.612877 0.029714 0.043839
18 0.682926 0.258649 0.013021 0.029226
18 0.638355 0.229964 0.013355 0.020566
18 0.636185 0.207233 0.015024 0.019484
18 0.650207 0.220763 0.011685 0.021649
18 0.641360 0.178007 0.014022 0.022731
18 0.623998 0.196138 0.018697 0.017860
18 0.622496 0.172054 0.015024 0.029226
18 0.670239 0.220493 0.012353 0.027602
18 0.658053 0.202632 0.012019 0.025437