18 0.197501 0.630429 0.013948 0.035265
18 0.213675 0.630429 0.013058 0.034299
18 0.226882 0.629946 0.010387 0.032367
18 0.239643 0.630429 0.013355 0.033333
18 0.251810 0.628255 0.013355 0.029951
18 0.265313 0.628255 0.013058 0.030917
18 0.280449 0.627289 0.012464 0.030917
18 0.294249 0.627772 0.013355 0.031884
18 0.325706 0.623183 0.014542 0.031400
18 0.341435 0.623424 0.013948 0.029951
18 0.487743 0.586468 0.013948 0.033333
18 0.508221 0.585985 0.013948 0.030434
18 0.537156 0.585261 0.014839 0.029951
18 0.559414 0.585502 0.013651 0.035265
18 0.585084 0.580430 0.015729 0.031884
18 0.608232 0.582604 0.013355 0.030434
7 0.928300 0.595647 0.042735 0.061352
16 0.883339 0.593232 0.047780 0.084540
0 0.978603 0.606758 0.023445 0.044927