7 0.239285 0.462111 0.039279 0.055915
15 0.233943 0.555468 0.039907 0.053918
2 0.293803 0.580180 0.031423 0.042435
2 0.266151 0.576436 0.027024 0.039939
21 0.500408 0.589666 0.015397 0.024463
21 0.517220 0.591163 0.013826 0.022466
21 0.531674 0.590914 0.013198 0.022965
21 0.547386 0.592661 0.012569 0.022466
21 0.561997 0.574439 0.014769 0.024962
21 0.578180 0.574439 0.015083 0.021966
21 0.577552 0.601897 0.011941 0.023963
21 0.562154 0.601148 0.015711 0.024463
19 0.592163 0.595657 0.016654 0.038441
19 0.608503 0.595157 0.016026 0.036444
19 0.625000 0.598153 0.017597 0.035446
19 0.641654 0.601647 0.016968 0.034447
21 0.460502 0.492564 0.016026 0.023963
21 0.443847 0.490817 0.012883 0.027458
21 0.428607 0.490068 0.013826 0.026959
21 0.413367 0.486573 0.014140 0.024962
18 0.463644 0.559712 0.012255 0.028456
18 0.465372 0.586421 0.012569 0.023963
18 0.452489 0.585672 0.011312 0.026460
18 0.449661 0.558214 0.011941 0.027458
18 0.439448 0.584174 0.012883 0.024463
18 0.436777 0.558463 0.010684 0.028956
18 0.424522 0.556716 0.011941 0.025461
18 0.412267 0.553721 0.011941 0.029455
18 0.399541 0.553471 0.011626 0.027957
18 0.386029 0.551973 0.012255 0.028956
18 0.372989 0.550975 0.013198 0.029954
18 0.410853 0.582676 0.012255 0.027458
18 0.397813 0.580680 0.012569 0.026460
18 0.384458 0.578183 0.014769 0.028456