18 0.518261 0.538386 0.005738 0.013192
18 0.523306 0.540742 0.005540 0.012878
18 0.530132 0.542940 0.006925 0.012250
18 0.535672 0.545453 0.006925 0.014134
18 0.541311 0.547024 0.005935 0.012250
18 0.546751 0.549065 0.007320 0.011936
18 0.553181 0.550479 0.006727 0.010365
18 0.559018 0.552991 0.007320 0.011622
18 0.559216 0.564770 0.005738 0.013820
18 0.552885 0.563357 0.006925 0.015391
18 0.547741 0.561001 0.005342 0.011936
18 0.534089 0.557546 0.004155 0.014448
18 0.528352 0.555347 0.006925 0.011936
18 0.522416 0.551735 0.006529 0.012250
21 0.575340 0.569953 0.007123 0.012250
21 0.582463 0.572465 0.005935 0.013506
21 0.589783 0.575292 0.007914 0.015391
21 0.596114 0.577648 0.005935 0.013192
21 0.603534 0.570424 0.006529 0.012564
21 0.611843 0.571680 0.006529 0.011936
21 0.603039 0.582517 0.005935 0.012250
21 0.609568 0.584087 0.005540 0.013506
19 0.617086 0.582831 0.007123 0.019160
19 0.623714 0.584872 0.006133 0.018218
19 0.631727 0.589584 0.008310 0.019474
19 0.638553 0.593039 0.008507 0.017589
15 0.454554 0.525351 0.015630 0.025442
2 0.468305 0.536187 0.011475 0.016961
2 0.480670 0.542312 0.014839 0.019160
7 0.460984 0.482791 0.018993 0.030153
0 0.194286 0.239367 0.021368 0.028269
19 0.194088 0.196964 0.012267 0.014448
19 0.194385 0.180317 0.013256 0.015705
19 0.194385 0.163041 0.012069 0.014448
19 0.195078 0.146708 0.013849 0.014448
19 0.194781 0.134616 0.012464 0.011622
19 0.195275 0.120481 0.012662 0.014763
19 0.195275 0.109488 0.011079 0.012250
19 0.195176 0.097081 0.010882 0.014448
19 0.195078 0.084203 0.011079 0.013192
19 0.194979 0.071797 0.010882 0.013506
19 0.167379 0.025939 0.008705 0.019160
19 0.172919 0.011961 0.009101 0.013192
2 0.197353 0.011948 0.012860 0.023896