15 0.516560 0.509516 0.052350 0.066611
15 0.535524 0.570936 0.049679 0.061420
15 0.553686 0.635384 0.050748 0.060555
15 0.571848 0.696371 0.038996 0.052769
15 0.614850 0.822239 0.045940 0.058825
15 0.185630 0.179923 0.033654 0.061420
7 0.148771 0.118071 0.037927 0.051904
7 0.448451 0.388838 0.033654 0.053634
7 0.431891 0.334771 0.035791 0.047579
7 0.414797 0.283300 0.034722 0.048444
7 0.399573 0.233558 0.038462 0.051039
7 0.380075 0.174300 0.033654 0.053634
7 0.360577 0.121531 0.036325 0.046714
7 0.339744 0.070924 0.037393 0.052769
16 0.658120 0.942917 0.044872 0.057960
4 0.426015 0.613324 0.035791 0.054500
16 0.373665 0.426901 0.038996 0.053634