6 0.639156 0.640226 0.041132 0.077189
15 0.702724 0.890661 0.047543 0.070328
15 0.686432 0.828481 0.049145 0.064324
15 0.663996 0.772734 0.048077 0.064324
15 0.643162 0.709267 0.049145 0.067755
15 0.560630 0.858070 0.036859 0.046313
2 0.510951 0.478988 0.027244 0.049744
2 0.489583 0.424527 0.024038 0.047171
2 0.474359 0.379929 0.022436 0.048886
2 0.460737 0.332758 0.021902 0.047171
2 0.440705 0.275724 0.023504 0.053174
2 0.423611 0.232412 0.023504 0.043740
2 0.399840 0.157368 0.020833 0.042883
4 0.401976 0.401370 0.029380 0.060893
4 0.348291 0.214402 0.034188 0.050602
4 0.585737 0.915104 0.034722 0.052317
0 0.482105 0.929255 0.020833 0.036021
0 0.466079 0.885944 0.024038 0.035164
0 0.449786 0.839202 0.021368 0.041167
0 0.418002 0.751292 0.022970 0.042025