6 0.134081 0.367266 0.040598 0.071539
6 0.182692 0.368559 0.047009 0.075848
6 0.231838 0.371144 0.042735 0.070677
6 0.346421 0.370282 0.045406 0.067229
6 0.404380 0.372006 0.044872 0.068953
6 0.467147 0.376316 0.050748 0.070677
6 0.586004 0.375023 0.044872 0.076710
6 0.645833 0.375454 0.044872 0.072401
6 0.706998 0.377178 0.049679 0.072401
6 0.766293 0.371144 0.044338 0.072401
6 0.431891 0.867605 0.042201 0.063781
6 0.342415 0.874069 0.043803 0.064643
6 0.282853 0.868898 0.042201 0.059472
6 0.204327 0.862003 0.040064 0.066367
7 0.842415 0.380194 0.028846 0.056024
3 0.897703 0.366835 0.056090 0.082743