19 0.443376 0.453647 0.019231 0.045053
19 0.476763 0.464911 0.020833 0.045053
20 0.558494 0.445416 0.028312 0.032057
20 0.559562 0.402529 0.022970 0.031191
20 0.549947 0.540288 0.024038 0.038122
20 0.564637 0.581442 0.029915 0.035523
20 0.605235 0.654654 0.020299 0.039855
20 0.631410 0.650322 0.022436 0.036389
20 0.649840 0.651188 0.018697 0.039855
20 0.683226 0.649455 0.021368 0.038122
20 0.733173 0.646423 0.021902 0.037255
20 0.759615 0.646856 0.019231 0.046786
20 0.782585 0.642524 0.019231 0.038122
20 0.802885 0.640791 0.020299 0.034656
20 0.862714 0.639058 0.024573 0.036389
20 0.893429 0.638192 0.017628 0.043320