20 0.208461 0.514437 0.014499 0.017762
20 0.201465 0.495436 0.013736 0.016110
20 0.151735 0.455575 0.009412 0.022306
20 0.167125 0.459086 0.009158 0.017762
20 0.205535 0.451237 0.011701 0.016110
20 0.206171 0.430171 0.012464 0.014457
20 0.229319 0.546036 0.011447 0.020653
20 0.238986 0.544384 0.009921 0.020653
20 0.249288 0.544590 0.008649 0.020240
20 0.264169 0.543971 0.010429 0.020653
20 0.287698 0.544177 0.009666 0.017762
20 0.300163 0.541492 0.010175 0.019827
20 0.310465 0.541699 0.008903 0.020240
20 0.319368 0.541079 0.009921 0.019827
20 0.347985 0.539840 0.008140 0.018175
20 0.362612 0.540253 0.010938 0.018175
20 0.526811 0.530340 0.011701 0.020653
20 0.539148 0.527655 0.010429 0.018588
20 0.550977 0.529307 0.009666 0.020240
20 0.563441 0.528481 0.009158 0.018588
20 0.575015 0.527242 0.010429 0.021066