6 0.420752 0.551519 0.049020 0.083114
6 0.481712 0.552275 0.048391 0.081603
17 0.257981 0.531118 0.012569 0.037275
17 0.273693 0.531370 0.016968 0.038787
12 0.532617 0.551519 0.025138 0.068002
12 0.568282 0.552275 0.026709 0.071528
0 0.503079 0.476213 0.021368 0.033246
0 0.523190 0.475961 0.012569 0.033749
0 0.539687 0.472939 0.019796 0.033749
0 0.557598 0.477472 0.017911 0.030727
0 0.576609 0.475457 0.015711 0.030727
0 0.377545 0.527592 0.016654 0.039290
20 0.363091 0.533637 0.015397 0.045335
20 0.347222 0.531370 0.013198 0.036772
19 0.330568 0.532378 0.015083 0.036772
19 0.313914 0.531622 0.015083 0.040298
22 0.300716 0.527592 0.013198 0.042313
22 0.288147 0.531118 0.011312 0.043320
13 0.616673 0.558067 0.054990 0.078077
0 0.320199 0.350786 0.040850 0.055409