0 0.495695 0.382125 0.026081 0.036522
0 0.659094 0.387705 0.019796 0.038551
0 0.697115 0.383393 0.031737 0.063406
13 0.607246 0.583502 0.059389 0.080145
12 0.558069 0.577162 0.028281 0.073551
12 0.522562 0.572850 0.027024 0.079131
6 0.472442 0.583756 0.051219 0.090797
6 0.412110 0.579444 0.050591 0.088261
19 0.357278 0.386437 0.016968 0.041087
19 0.304173 0.555350 0.014454 0.045145
19 0.321927 0.556111 0.012883 0.035507
20 0.337481 0.554589 0.014454 0.040580
20 0.354135 0.554843 0.015711 0.038044
22 0.290504 0.550024 0.010998 0.043623
22 0.277778 0.555096 0.011941 0.038551
17 0.263009 0.554843 0.013826 0.044131
17 0.246355 0.555604 0.016340 0.039565