6 0.493011 0.542742 0.026264 0.042804
6 0.523949 0.542742 0.025819 0.042804
12 0.548767 0.540959 0.012242 0.035670
12 0.565905 0.538997 0.012242 0.042448
13 0.589833 0.544169 0.028490 0.042091
20 0.465077 0.530257 0.007790 0.022116
20 0.457621 0.530079 0.006677 0.021759
19 0.449163 0.530436 0.008458 0.020332
19 0.440928 0.528652 0.006677 0.021759
22 0.434362 0.527582 0.005119 0.022472
22 0.427573 0.529187 0.005787 0.022116
17 0.420673 0.529544 0.005787 0.022116
17 0.413328 0.530079 0.008903 0.021759
0 0.633903 0.444470 0.015135 0.033173