2 0.156517 0.482010 0.016560 0.024083
2 0.200053 0.544796 0.014423 0.023222
2 0.221287 0.543291 0.015224 0.023653
2 0.263088 0.523079 0.011752 0.024513
2 0.245192 0.474269 0.012821 0.023222
2 0.259749 0.474484 0.011485 0.021072
2 0.275240 0.475129 0.013622 0.020642
2 0.289663 0.474484 0.010951 0.021932
2 0.285524 0.521359 0.010150 0.023653
2 0.304621 0.521144 0.012553 0.022362
2 0.321848 0.519639 0.012286 0.023653
2 0.337206 0.521144 0.012553 0.024083
2 0.350694 0.521789 0.012821 0.024513
2 0.364850 0.520499 0.012821 0.025373
2 0.379941 0.521789 0.014156 0.022792
2 0.395032 0.520929 0.017628 0.021932
2 0.411058 0.520929 0.013355 0.021932
2 0.410924 0.473409 0.013622 0.022362
2 0.394631 0.474699 0.012019 0.022362
2 0.378472 0.474914 0.014423 0.023653
2 0.363114 0.474484 0.013088 0.021932
2 0.348157 0.474699 0.014156 0.023222
2 0.333066 0.475559 0.014423 0.024083
2 0.505342 0.483515 0.011218 0.021932
2 0.521368 0.484160 0.013889 0.018922
2 0.510417 0.546517 0.014957 0.022362
2 0.553552 0.483085 0.012553 0.024513
2 0.569444 0.483300 0.013355 0.023222
2 0.589610 0.483730 0.016293 0.021502
2 0.604834 0.484805 0.015759 0.023653
2 0.620326 0.484805 0.014156 0.021932
2 0.635417 0.483945 0.016026 0.023653
2 0.682025 0.485235 0.015759 0.025373
15 0.458868 0.485235 0.018697 0.024513
2 0.124599 0.364177 0.015759 0.022362
2 0.142361 0.363532 0.016026 0.022792
2 0.098424 0.406322 0.012553 0.024943