2 0.360577 0.439247 0.027473 0.043952
2 0.392819 0.438942 0.027091 0.039679
2 0.370688 0.563472 0.028617 0.042121
2 0.454441 0.444131 0.031288 0.039068
2 0.488591 0.441689 0.030143 0.043952
2 0.525031 0.442910 0.030525 0.042731
2 0.556891 0.443520 0.029380 0.046394
2 0.587034 0.442910 0.029380 0.042731
2 0.618132 0.446267 0.032051 0.042121
2 0.708371 0.441689 0.030143 0.039068
2 0.171703 0.422765 0.027473 0.041510
2 0.173039 0.512806 0.029380 0.042121
2 0.141560 0.510974 0.028236 0.043341
2 0.141178 0.422155 0.028236 0.045173
2 0.111416 0.421545 0.029762 0.050056
2 0.111607 0.510974 0.028617 0.042121
2 0.082608 0.510364 0.024802 0.043341
2 0.054945 0.511890 0.026709 0.042731
2 0.028236 0.511280 0.025183 0.043952
2 0.021177 0.422155 0.026328 0.048835
2 0.051129 0.421850 0.026709 0.042121
2 0.079937 0.422155 0.029380 0.041510
15 0.269765 0.443215 0.039683 0.047004
0 0.648275 0.442910 0.023657 0.037847