2 0.329416 0.264961 0.027066 0.044616
2 0.298077 0.264961 0.029915 0.045775
2 0.246617 0.346370 0.028846 0.052148
2 0.251425 0.397650 0.029915 0.052728
2 0.361289 0.502815 0.031695 0.048672
2 0.444979 0.625364 0.033832 0.042298
2 0.489316 0.625654 0.027778 0.044036
2 0.535078 0.487461 0.030983 0.046933
2 0.565171 0.487171 0.029915 0.041719
2 0.593839 0.485143 0.029558 0.043457
2 0.623041 0.488330 0.033120 0.041719
2 0.655271 0.488040 0.032051 0.042298
2 0.569444 0.581617 0.029202 0.040560
2 0.616275 0.579589 0.029558 0.039980
2 0.519231 0.577272 0.029915 0.038822
2 0.654380 0.579299 0.029558 0.041719
2 0.687678 0.580169 0.028490 0.043457
2 0.715812 0.581617 0.027066 0.039401
2 0.743590 0.582776 0.029915 0.044036
2 0.772258 0.579879 0.029558 0.042877
2 0.800392 0.578720 0.030271 0.042877
2 0.830484 0.578430 0.032051 0.039980
2 0.861645 0.579589 0.031695 0.039980
2 0.709224 0.489778 0.028846 0.043457
2 0.741097 0.488040 0.029915 0.042298
2 0.768697 0.488909 0.029558 0.038242
2 0.797543 0.486881 0.030271 0.039980
2 0.830306 0.487171 0.032407 0.041719
2 0.862536 0.487461 0.027778 0.044616