2 0.297276 0.698157 0.027244 0.044704
2 0.326923 0.699876 0.029915 0.044704
2 0.357105 0.701166 0.026175 0.043844
2 0.388088 0.701596 0.030449 0.041265
15 0.771100 0.698587 0.030449 0.062757
15 0.817308 0.698157 0.028846 0.058458
15 0.854968 0.699876 0.030449 0.060178
15 0.896368 0.702455 0.033120 0.061897
15 0.652511 0.450138 0.049679 0.045563
15 0.733707 0.699447 0.025107 0.059318
15 0.701656 0.694288 0.027244 0.059318
15 0.668536 0.689560 0.024038 0.058458
15 0.625534 0.688700 0.026709 0.056739
15 0.593216 0.691280 0.024038 0.051581
15 0.563568 0.689990 0.026709 0.055879
15 0.528579 0.686981 0.028312 0.060178
15 0.510951 0.706754 0.028312 0.055020
15 0.545673 0.709763 0.028312 0.059318
15 0.578259 0.710193 0.026175 0.060178
15 0.608173 0.714921 0.029380 0.061038
15 0.645833 0.715781 0.028846 0.062757
15 0.681357 0.712342 0.029380 0.061038
15 0.582532 0.521922 0.048611 0.049862
15 0.512019 0.489254 0.045406 0.044704
15 0.506944 0.536537 0.038462 0.044704
15 0.471421 0.542554 0.042201 0.042984
15 0.470620 0.493982 0.041667 0.049002
15 0.543002 0.424778 0.027244 0.061897
15 0.547276 0.167732 0.048611 0.049862
15 0.653579 0.501290 0.044338 0.042984
15 0.586271 0.464753 0.045406 0.050721
2 0.604434 0.332792 0.029380 0.039545