2 0.901175 0.681739 0.029915 0.042406
2 0.931891 0.681739 0.028312 0.040675
2 0.962073 0.682605 0.024573 0.040675
2 0.990118 0.681739 0.019764 0.040675
4 0.539530 0.657075 0.039530 0.051926
15 0.439103 0.538079 0.027778 0.068369
15 0.411325 0.537213 0.027778 0.070099
15 0.382746 0.536348 0.025107 0.068369
15 0.341346 0.652748 0.027778 0.065772
15 0.358440 0.665296 0.023504 0.068369
15 0.475962 0.658373 0.023504 0.061445
15 0.440438 0.654479 0.020833 0.062311
15 0.452991 0.672652 0.023504 0.065772
15 0.373397 0.648421 0.024573 0.062311
4 0.681891 0.411727 0.027244 0.059714
15 0.684562 0.466248 0.040064 0.040675
15 0.389156 0.667027 0.020833 0.068369
15 0.407318 0.648853 0.024038 0.068369
15 0.423344 0.671787 0.024038 0.064042