15 0.404113 0.702914 0.029380 0.057110
15 0.364583 0.701183 0.030449 0.051918
15 0.326656 0.699020 0.027244 0.056245
15 0.280983 0.697722 0.028846 0.057110
15 0.242254 0.698587 0.025107 0.065763
15 0.102831 0.465821 0.040064 0.041535
15 0.172543 0.449812 0.041667 0.047592
15 0.096955 0.522498 0.045406 0.049322
15 0.026709 0.490914 0.043803 0.039804
15 0.021635 0.537208 0.043269 0.044130
15 0.209402 0.695991 0.026709 0.053649
15 0.177350 0.690799 0.024573 0.057110
15 0.192575 0.715460 0.024038 0.054514
15 0.154915 0.712432 0.028846 0.057110
15 0.135684 0.691665 0.022436 0.053649
15 0.119124 0.710269 0.024573 0.056245
15 0.103365 0.691232 0.020833 0.047592
2 0.125000 0.332997 0.025641 0.042400