2 0.457265 0.585091 0.017094 0.025916
2 0.470887 0.585091 0.012286 0.022460
2 0.485577 0.585179 0.012286 0.021165
2 0.501335 0.586043 0.013889 0.022029
15 0.661058 0.585611 0.012286 0.032395
15 0.678285 0.584963 0.012553 0.029371
15 0.699386 0.585395 0.014156 0.031099
15 0.719151 0.584315 0.016293 0.029803
15 0.737981 0.586043 0.014423 0.030667
4 0.288996 0.573733 0.019231 0.024188
4 0.357372 0.458623 0.016026 0.029803
15 0.538194 0.510239 0.018697 0.024188
15 0.537927 0.487562 0.017628 0.020301
15 0.556757 0.485835 0.019498 0.021165
15 0.556757 0.508295 0.017895 0.020301
15 0.590144 0.500736 0.022169 0.025916
15 0.592014 0.473309 0.018429 0.022892
15 0.622997 0.467693 0.021100 0.025484
15 0.646501 0.584099 0.010951 0.024188
15 0.630342 0.582155 0.012286 0.025484
15 0.610043 0.580212 0.010684 0.026780
15 0.595887 0.580644 0.011218 0.024188
15 0.581731 0.581076 0.011752 0.026780
15 0.566106 0.579996 0.012019 0.025484
15 0.556891 0.588634 0.014957 0.027212
15 0.573985 0.589498 0.011752 0.029803
15 0.588809 0.591658 0.010951 0.028076
15 0.602831 0.592090 0.012286 0.027212
15 0.620192 0.591658 0.014423 0.027212
15 0.572115 0.454952 0.012286 0.031963