18 0.435206 0.642688 0.013198 0.028517
18 0.423108 0.640905 0.010998 0.025971
18 0.409439 0.643452 0.013826 0.030045
18 0.397027 0.644215 0.012255 0.027499
18 0.384930 0.643706 0.010684 0.027499
18 0.372518 0.644215 0.011626 0.027499
18 0.361991 0.644215 0.010684 0.027499
18 0.349893 0.644470 0.010998 0.025971
18 0.338738 0.645743 0.011312 0.026480
18 0.325698 0.646762 0.009741 0.029536
18 0.313600 0.646762 0.011312 0.025462
18 0.276678 0.642433 0.011626 0.026989
18 0.263323 0.643706 0.013198 0.028517
18 0.251697 0.643706 0.010684 0.025462
18 0.229230 0.641924 0.010998 0.030045
18 0.216975 0.643197 0.010998 0.029536
18 0.205348 0.643706 0.011626 0.029536
18 0.194822 0.642688 0.011312 0.027499
18 0.183195 0.643961 0.008798 0.026989
18 0.171883 0.644979 0.010055 0.031063
18 0.161985 0.644470 0.009741 0.030045
18 0.150830 0.644725 0.011312 0.028517
18 0.139046 0.643961 0.009113 0.031063
18 0.127891 0.646507 0.010055 0.030045
18 0.115165 0.647271 0.010998 0.029536
18 0.118935 0.569867 0.009741 0.020369
18 0.140617 0.569613 0.013512 0.028008
18 0.153343 0.569104 0.010055 0.026989
18 0.165127 0.570886 0.010998 0.026480
18 0.177225 0.570886 0.010055 0.028517
18 0.188851 0.569867 0.011941 0.025462
18 0.212890 0.568849 0.012255 0.029536
18 0.225616 0.568849 0.012569 0.029536
18 0.258296 0.567830 0.011312 0.027499
18 0.270079 0.568849 0.010370 0.028517
18 0.282334 0.570122 0.012883 0.033100
18 0.300245 0.565284 0.012883 0.030554
18 0.312814 0.566048 0.012883 0.032082
18 0.326640 0.566303 0.013512 0.035646
18 0.341409 0.565030 0.011626 0.030045
18 0.352407 0.565030 0.011626 0.028008
18 0.364033 0.564520 0.012883 0.031063
18 0.374874 0.562484 0.013198 0.026989
18 0.387915 0.562993 0.011626 0.030045
18 0.398599 0.562993 0.013512 0.032082
18 0.410225 0.563502 0.013512 0.030045
18 0.423265 0.563247 0.012569 0.031572
18 0.434735 0.562229 0.013512 0.030554
18 0.465058 0.555864 0.013198 0.025971
18 0.068816 0.598639 0.015711 0.026989
18 0.101967 0.650072 0.009113 0.030045
18 0.121921 0.512069 0.010684 0.028008
18 0.135432 0.510796 0.010055 0.030554
18 0.449189 0.556373 0.012883 0.033100
18 0.158685 0.515634 0.012569 0.030045
18 0.145645 0.508505 0.010370 0.029026
19 0.825321 0.634031 0.015397 0.036665
19 0.854230 0.631230 0.019168 0.044303
19 0.880939 0.628684 0.012255 0.034119
19 0.895079 0.626392 0.016026 0.038702
19 0.910633 0.627156 0.015711 0.038192
19 0.928544 0.625119 0.016968 0.040229
19 0.940957 0.627411 0.014769 0.045831
19 0.902778 0.541605 0.010055 0.035137
19 0.885809 0.543387 0.015083 0.039720
19 0.870726 0.545424 0.013826 0.042776
19 0.815894 0.542623 0.011626 0.034119
17 0.796569 0.552044 0.014454 0.038702
17 0.733880 0.552044 0.012883 0.037683
17 0.719426 0.550262 0.012883 0.038192
17 0.707171 0.552044 0.012883 0.035646
17 0.693188 0.553572 0.011941 0.038702
17 0.679204 0.551790 0.012255 0.038192
17 0.664279 0.551535 0.012569 0.035646
17 0.650452 0.555864 0.011312 0.040229
17 0.634270 0.554081 0.012255 0.037683
17 0.620129 0.555864 0.015397 0.044303
17 0.623900 0.634795 0.012883 0.036156
17 0.637255 0.634031 0.010684 0.035646
17 0.649038 0.634540 0.012255 0.039720
17 0.664907 0.633522 0.014454 0.036665
17 0.677476 0.634031 0.013826 0.033609
17 0.693030 0.631994 0.014140 0.036665
17 0.708428 0.634031 0.016654 0.039720
17 0.726653 0.629957 0.014769 0.041757
17 0.742521 0.629702 0.011941 0.041248
17 0.753834 0.631230 0.013826 0.038192
17 0.768288 0.627920 0.013198 0.039720
17 0.780700 0.631739 0.012255 0.040229
17 0.794997 0.626647 0.010684 0.037174
17 0.808195 0.627156 0.013826 0.039211