20 0.156250 0.610703 0.015491 0.041352
20 0.173878 0.609841 0.016560 0.043075
20 0.211004 0.607257 0.016026 0.046521
20 0.228365 0.606395 0.016560 0.044798
20 0.255609 0.606395 0.016560 0.043075
20 0.271368 0.610703 0.017094 0.051690
20 0.550748 0.671869 0.018162 0.049967
20 0.561699 0.671439 0.012286 0.040491
20 0.578526 0.667993 0.011752 0.040491
20 0.592147 0.668854 0.014423 0.035322
20 0.609509 0.666270 0.011752 0.035322
20 0.625534 0.671008 0.013889 0.041352
20 0.633814 0.587012 0.017628 0.043937
20 0.653045 0.583996 0.011218 0.037906
20 0.667201 0.585719 0.012821 0.041352
20 0.681891 0.585289 0.018697 0.040491
19 0.788462 0.663254 0.011752 0.037906
19 0.803152 0.656362 0.014423 0.031014
0 0.305556 0.682638 0.014957 0.043937
0 0.328259 0.682638 0.015491 0.045660
0 0.348024 0.681777 0.019765 0.045660
0 0.319712 0.597780 0.020833 0.048244
2 0.416934 0.667131 0.026175 0.045660
2 0.452991 0.667562 0.025641 0.046521
21 0.752938 0.581843 0.015491 0.031876
21 0.771635 0.587873 0.013355 0.030153
21 0.793803 0.584858 0.011752 0.024122
21 0.806357 0.585719 0.013355 0.031014
21 0.870459 0.662393 0.014423 0.031014
21 0.882746 0.659378 0.011218 0.031876
21 0.898237 0.662393 0.012286 0.029291
21 0.912927 0.661101 0.014957 0.030153
21 0.944979 0.660670 0.011752 0.034460
21 0.958333 0.659808 0.016026 0.036183
21 0.876068 0.587873 0.016026 0.031876
21 0.891827 0.585289 0.014423 0.028430
21 0.907051 0.584427 0.020299 0.028430
21 0.937233 0.581412 0.014423 0.027568
19 0.692308 0.667131 0.016026 0.037045
19 0.677083 0.665839 0.011218 0.037906
19 0.662393 0.666270 0.016026 0.037045
19 0.647970 0.667562 0.017094 0.046521
18 0.966613 0.583566 0.014423 0.035322
18 0.992788 0.581412 0.014423 0.029291
18 0.987447 0.658516 0.010150 0.035322
2 0.078259 0.543506 0.024038 0.051690