18 0.428686 0.507837 0.015491 0.039183
18 0.458868 0.508272 0.014957 0.038313
18 0.490118 0.508272 0.014423 0.036571
18 0.506944 0.506531 0.013889 0.038313
18 0.534989 0.506966 0.014423 0.035700
18 0.550748 0.507401 0.014957 0.040054
18 0.339476 0.513932 0.015491 0.037442
18 0.315171 0.421633 0.016026 0.037442
18 0.347756 0.422068 0.019231 0.036571
18 0.383013 0.418586 0.012821 0.031347
21 0.201923 0.427728 0.018162 0.037442
21 0.222489 0.423375 0.017628 0.033959
21 0.241453 0.426422 0.021368 0.033088
21 0.276976 0.425551 0.019765 0.033088
21 0.305556 0.518286 0.018162 0.040925
21 0.285791 0.518721 0.014957 0.041796
21 0.248397 0.518286 0.018162 0.033959
21 0.229434 0.521333 0.016560 0.034830
21 0.211538 0.522204 0.017094 0.034830
21 0.192575 0.521769 0.016560 0.035700
21 0.137286 0.524816 0.017094 0.033088
21 0.157318 0.523510 0.018697 0.032217
21 0.117254 0.426422 0.019765 0.033088
21 0.098024 0.426422 0.016560 0.029605
21 0.051816 0.424245 0.018162 0.033959
21 0.072115 0.425116 0.018162 0.037442
19 0.111912 0.520462 0.018697 0.041796
19 0.092147 0.523945 0.016560 0.047020
19 0.606303 0.433824 0.024573 0.037442