20 0.599092 0.504345 0.019765 0.051276
20 0.621795 0.505215 0.022436 0.051276
20 0.665064 0.503042 0.019231 0.048669
20 0.685096 0.504345 0.020833 0.053014
20 0.721688 0.498262 0.020299 0.051276
20 0.742788 0.502607 0.015491 0.047800
2 0.923878 0.581260 0.033654 0.050407
2 0.967147 0.579087 0.035791 0.053014
0 0.840278 0.598207 0.023504 0.049538
0 0.814370 0.596469 0.025107 0.049538
0 0.787927 0.602987 0.027778 0.050407
0 0.801816 0.491744 0.026709 0.048669
0 0.896100 0.452200 0.022970 0.053014
0 0.975427 0.443944 0.024573 0.039978
2 0.504541 0.426562 0.027244 0.057360
22 0.508814 0.511733 0.024038 0.052145
22 0.448184 0.525204 0.027778 0.049538
22 0.467949 0.371809 0.018162 0.039978