20 0.303152 0.323117 0.009615 0.026391
20 0.310630 0.322251 0.009615 0.020334
20 0.330929 0.322468 0.008547 0.020767
20 0.340411 0.323982 0.007746 0.022065
20 0.353632 0.323117 0.008013 0.025526
20 0.362313 0.322035 0.007746 0.025959
20 0.368723 0.323333 0.008814 0.029420
19 0.511485 0.355132 0.008547 0.020334
19 0.503205 0.354267 0.007479 0.020334
19 0.520032 0.355781 0.008547 0.020767
19 0.527644 0.352969 0.006677 0.019469
19 0.535524 0.354051 0.008013 0.021632
19 0.544471 0.354700 0.006143 0.018604
19 0.554487 0.352104 0.008013 0.016008
19 0.561298 0.355349 0.009348 0.022497
19 0.569845 0.354051 0.008814 0.021632
19 0.578526 0.355132 0.005876 0.020334
19 0.573050 0.315978 0.007746 0.025093
19 0.565304 0.312733 0.008280 0.022930
19 0.556891 0.311435 0.006944 0.017738
19 0.546608 0.312301 0.007212 0.020334
2 0.436432 0.354916 0.015491 0.023363
2 0.455128 0.352969 0.011752 0.020334
17 0.411191 0.701896 0.007746 0.024228
17 0.418136 0.701896 0.006677 0.020767
17 0.425080 0.702112 0.007212 0.017738
17 0.432692 0.702112 0.008013 0.020334
17 0.439370 0.701896 0.007479 0.019036
17 0.447650 0.702545 0.007479 0.019469
17 0.455262 0.701679 0.008814 0.018604
17 0.468884 0.657982 0.006143 0.022065
17 0.461672 0.658848 0.006677 0.022065
17 0.454594 0.658415 0.006410 0.022065
17 0.446715 0.657982 0.007746 0.021200
17 0.440037 0.657766 0.007212 0.020767
17 0.432292 0.659280 0.008280 0.022930
17 0.425214 0.657550 0.006410 0.018604
17 0.416533 0.659929 0.007212 0.019902
17 0.408921 0.659280 0.008547 0.020334
19 0.569177 0.696920 0.008547 0.021200
19 0.560630 0.696055 0.008013 0.022065
19 0.553152 0.699084 0.006944 0.022065
19 0.544605 0.697786 0.006410 0.019469
19 0.530849 0.698651 0.008814 0.021200
19 0.516159 0.700381 0.009348 0.022065
19 0.507612 0.697569 0.006143 0.022497
19 0.627404 0.351022 0.008013 0.021632
19 0.635150 0.352753 0.009615 0.020767
17 0.465278 0.701463 0.008013 0.023363
17 0.472756 0.701463 0.006944 0.022497
17 0.480369 0.699516 0.007746 0.021200
17 0.486779 0.699084 0.007212 0.021200
17 0.494391 0.698435 0.007479 0.022497
17 0.500801 0.698651 0.006410 0.022930
17 0.501068 0.658848 0.008547 0.021200
18 0.313969 0.703626 0.006677 0.019036
18 0.306490 0.706222 0.005609 0.019036
18 0.300214 0.705141 0.006410 0.017738
18 0.294338 0.707304 0.007479 0.017738
18 0.287660 0.707087 0.008547 0.019036
18 0.280582 0.706006 0.005609 0.015143
18 0.275507 0.707953 0.006143 0.018171
18 0.268964 0.708169 0.006410 0.016873
18 0.263088 0.708385 0.005876 0.019902
18 0.257345 0.708385 0.006143 0.016440
18 0.249733 0.708602 0.005342 0.017738
18 0.230636 0.705573 0.006143 0.015143
18 0.224626 0.706006 0.006944 0.015143
18 0.218750 0.706438 0.006410 0.016008
18 0.221020 0.665770 0.006677 0.016873