18 0.591346 0.358985 0.014957 0.029324
18 0.611912 0.351654 0.015491 0.028462
18 0.597756 0.390896 0.018162 0.022424
18 0.305021 0.580642 0.014957 0.027599
18 0.342415 0.563823 0.021368 0.030187
18 0.345620 0.537518 0.012821 0.020699
18 0.340545 0.427552 0.017628 0.023287
18 0.336271 0.374509 0.015491 0.027599
18 0.336271 0.354672 0.018697 0.031049
19 0.501335 0.320605 0.029380 0.031912
19 0.466346 0.231338 0.022436 0.031049
22 0.536859 0.759175 0.016026 0.041399
22 0.525374 0.766506 0.015491 0.045711
22 0.492788 0.788068 0.016560 0.043986
22 0.482105 0.796261 0.017628 0.041399
22 0.470085 0.804455 0.014957 0.042261
22 0.460470 0.812217 0.020299 0.045711
2 0.433494 0.838523 0.029380 0.053474
2 0.397436 0.866985 0.027778 0.041399