20 0.581375 0.592009 0.017450 0.034987
20 0.595620 0.587421 0.011752 0.036134
20 0.609330 0.579104 0.014245 0.032119
20 0.400819 0.427684 0.014601 0.033267
20 0.320335 0.465826 0.021724 0.028104
20 0.295406 0.620687 0.019587 0.028104
18 0.461538 0.774975 0.010684 0.026957
18 0.465278 0.803366 0.016026 0.025237
18 0.431268 0.844376 0.013533 0.026957
18 0.436075 0.863877 0.018162 0.023516
18 0.437322 0.883091 0.013533 0.022942
18 0.374110 0.827743 0.011752 0.026957
18 0.387642 0.823441 0.011752 0.025237
18 0.402422 0.816558 0.012821 0.021795
18 0.310719 0.713317 0.011040 0.026384
18 0.231838 0.637321 0.012108 0.023516