0 0.565972 0.520095 0.024038 0.044466
0 0.555823 0.563278 0.020833 0.043610
0 0.542735 0.606033 0.021368 0.041900
0 0.532853 0.650499 0.019765 0.038480
0 0.522436 0.694537 0.019231 0.044466
0 0.503472 0.770641 0.020833 0.049596
0 0.695513 0.334537 0.024573 0.042755
0 0.737981 0.325986 0.025107 0.049596
0 0.778045 0.306746 0.019765 0.045321
0 0.814103 0.305463 0.014957 0.044466
0 0.483440 0.408504 0.021368 0.045321
0 0.513622 0.404228 0.022970 0.041900
0 0.420673 0.312732 0.018697 0.043610
0 0.348024 0.334964 0.025107 0.047031
0 0.306357 0.344798 0.026175 0.054727
0 0.314370 0.450404 0.020833 0.047031
0 0.291400 0.454679 0.025107 0.047031
0 0.175214 0.378575 0.023504 0.041900