13 0.372062 0.491476 0.044338 0.072457
13 0.564637 0.393445 0.056624 0.079277
13 0.470620 0.450985 0.049145 0.078424
13 0.660791 0.567342 0.051282 0.087801
13 0.276709 0.534950 0.049145 0.079277
6 0.173077 0.534097 0.052350 0.082686
13 0.648237 0.359774 0.049679 0.083539
6 0.452457 0.644914 0.044872 0.075867
6 0.475160 0.680290 0.047543 0.064785
6 0.760951 0.315021 0.049679 0.070752
6 0.919605 0.503836 0.038996 0.078424
6 0.969284 0.543474 0.042201 0.070752
12 0.760951 0.508524 0.030449 0.070752
12 0.853098 0.506393 0.024573 0.063080
12 0.865652 0.453542 0.027244 0.064785
12 0.668803 0.335480 0.027778 0.065638
12 0.368323 0.725896 0.024038 0.060523
12 0.288194 0.729305 0.024038 0.058818
12 0.267361 0.735272 0.022970 0.063933
0 0.077190 0.800910 0.035791 0.057113
18 0.090545 0.627013 0.012286 0.029835
18 0.077724 0.618062 0.013355 0.027278
18 0.065438 0.605276 0.009081 0.028983
18 0.053419 0.595899 0.010684 0.030688
18 0.041934 0.586096 0.013355 0.029835
18 0.029915 0.575867 0.011752 0.031540
18 0.017094 0.564785 0.013889 0.026426