6 0.389484 0.679747 0.044207 0.075105
6 0.342888 0.723207 0.044207 0.074262
6 0.290019 0.777637 0.043609 0.064979
6 0.233267 0.818987 0.045999 0.075105
6 0.172334 0.451055 0.051973 0.073418
6 0.102141 0.565823 0.062128 0.070042
6 0.055545 0.539241 0.044207 0.072574
6 0.875457 0.364557 0.047193 0.070886
6 0.950429 0.370886 0.053765 0.068354
12 0.798991 0.320253 0.034051 0.075105
12 0.169646 0.881857 0.043012 0.048945
12 0.195931 0.927848 0.046596 0.037975
6 0.031650 0.956962 0.058544 0.075949
0 0.729695 0.584810 0.022103 0.033755
0 0.708786 0.631224 0.019714 0.037131
0 0.745824 0.628270 0.018519 0.032911
0 0.950727 0.619409 0.020908 0.028692
0 0.830056 0.609283 0.020908 0.032068
0 0.859925 0.612236 0.020908 0.032911