18 0.589575 0.537965 0.014620 0.033435
18 0.606163 0.535904 0.014620 0.032977
18 0.622329 0.535446 0.013776 0.032061
18 0.638636 0.534759 0.014901 0.033435
18 0.653818 0.533614 0.015463 0.033893
18 0.670265 0.532240 0.015182 0.032061
18 0.687135 0.531324 0.014620 0.036641
18 0.558367 0.540255 0.015182 0.031603
18 0.540795 0.542545 0.012090 0.033435
18 0.526175 0.539339 0.013776 0.031603
18 0.509728 0.543232 0.012933 0.032977
18 0.491875 0.543919 0.011527 0.034351
18 0.475709 0.544148 0.013495 0.032061
18 0.461370 0.545522 0.014620 0.036641
19 0.291132 0.556057 0.018837 0.046717
19 0.328385 0.555828 0.017431 0.047175
19 0.346519 0.552851 0.017713 0.051297
19 0.365778 0.549873 0.016307 0.040763
19 0.385459 0.549186 0.017994 0.043053
19 0.404437 0.548041 0.017713 0.040763
19 0.422993 0.548499 0.017713 0.039847
19 0.441970 0.546438 0.018556 0.040305
19 0.153790 0.565675 0.016307 0.044885
19 0.134109 0.566362 0.016307 0.045343
19 0.114850 0.568881 0.017713 0.044885
19 0.095451 0.569110 0.017713 0.045343
19 0.076052 0.568881 0.016588 0.043053
19 0.054543 0.569797 0.015182 0.042137
19 0.036690 0.574377 0.019399 0.047633
19 0.017010 0.570484 0.017713 0.046259
20 0.172346 0.563614 0.015744 0.044427
20 0.190902 0.562927 0.019681 0.044885
20 0.211426 0.560866 0.016307 0.042595
20 0.229841 0.559721 0.019399 0.043969
20 0.247132 0.556973 0.021368 0.043969
20 0.269203 0.556286 0.019962 0.044427