22 0.184717 0.496960 0.015744 0.047668
22 0.207209 0.495371 0.014620 0.047214
22 0.251209 0.497187 0.017150 0.049938
22 0.274404 0.491513 0.015182 0.047668
21 0.295350 0.499230 0.016026 0.026785
21 0.314749 0.501727 0.016026 0.028147
21 0.333305 0.499684 0.018275 0.028601
21 0.352424 0.498776 0.019399 0.025877
21 0.370839 0.497414 0.017994 0.024969
21 0.390801 0.495371 0.016869 0.027239
21 0.410622 0.491967 0.016026 0.024969
21 0.428475 0.490605 0.015744 0.025877
21 0.448156 0.494917 0.015182 0.031779
21 0.466993 0.494009 0.016307 0.027239
21 0.487095 0.489470 0.016026 0.029963
19 0.582406 0.477439 0.015463 0.042221
19 0.601805 0.468132 0.017713 0.039043
19 0.621767 0.475850 0.017150 0.041767
19 0.639760 0.469267 0.017150 0.041313
19 0.662253 0.466089 0.018275 0.042221
19 0.680246 0.468132 0.018837 0.043583
19 0.701333 0.465862 0.017713 0.039951
19 0.718905 0.465635 0.020243 0.041313
19 0.737742 0.462911 0.018556 0.039497
19 0.876490 0.457010 0.017713 0.038589
19 0.913462 0.455194 0.016307 0.041313
19 0.933283 0.452697 0.018275 0.043583
19 0.952542 0.450654 0.019118 0.043129
19 0.970676 0.446795 0.018275 0.040859
19 0.989091 0.450200 0.018556 0.042221
20 0.756579 0.464273 0.017994 0.047668
20 0.776681 0.459507 0.019962 0.045399
20 0.795659 0.462684 0.018556 0.045399
20 0.814918 0.460869 0.017713 0.044491
20 0.832630 0.458145 0.019962 0.042675
20 0.854139 0.456783 0.017994 0.045399
0 0.520271 0.661757 0.024460 0.042221