6 0.784327 0.443406 0.023690 0.031475
6 0.758431 0.418567 0.025316 0.034130
6 0.543827 0.371923 0.022064 0.033371
6 0.519440 0.373629 0.022529 0.033750
6 0.493659 0.374388 0.024387 0.036784
6 0.466137 0.374767 0.022297 0.033750
6 0.503763 0.207721 0.024155 0.034888
6 0.460331 0.226113 0.023690 0.042093
6 0.449531 0.199568 0.021135 0.040576
6 0.374977 0.356185 0.022993 0.041335
6 0.297055 0.610831 0.019509 0.033371
6 0.313081 0.618036 0.020438 0.033371
6 0.165598 0.670558 0.021368 0.033750
13 0.209030 0.630740 0.020438 0.036026
13 0.242591 0.572909 0.021135 0.034888
13 0.275804 0.522283 0.022529 0.032992
13 0.306113 0.461987 0.021368 0.036784
13 0.370332 0.503322 0.021135 0.036784
13 0.335609 0.420084 0.018580 0.034888
13 0.811153 0.510717 0.022529 0.039439
12 0.273017 0.680228 0.015097 0.028821
12 0.242010 0.710186 0.016722 0.026545
12 0.234694 0.719856 0.016955 0.030717
12 0.404822 0.442078 0.019045 0.031096
12 0.440589 0.404346 0.018116 0.030717
12 0.438615 0.377801 0.014632 0.028441