6 0.060096 0.779398 0.040064 0.071167
6 0.709135 0.181943 0.049679 0.085225
6 0.877938 0.183700 0.051816 0.090497
6 0.930556 0.187654 0.047009 0.089618
12 0.516293 0.121759 0.035791 0.065017
12 0.572650 0.308024 0.039530 0.066774
12 0.379274 0.346243 0.033120 0.058867
12 0.827724 0.173157 0.032585 0.074682
12 0.964209 0.177990 0.024573 0.075560
6 0.782051 0.902843 0.052350 0.066774
6 0.866720 0.907675 0.048611 0.072925
13 0.153846 0.696369 0.041667 0.070289
13 0.223558 0.576000 0.045406 0.073803
13 0.360043 0.511861 0.042735 0.079075
13 0.501068 0.439376 0.040598 0.072925
13 0.429220 0.257504 0.044338 0.078196
13 0.360577 0.375677 0.048077 0.075560
13 0.206464 0.877363 0.050748 0.077318
13 0.770299 0.178429 0.052350 0.081711