6 0.671474 0.469118 0.049145 0.069484
6 0.887821 0.476410 0.050214 0.073773
13 0.322115 0.668992 0.047009 0.078062
13 0.387821 0.548896 0.042735 0.074631
13 0.462073 0.727753 0.043803 0.072057
13 0.732372 0.472978 0.052350 0.068626
13 0.609241 0.496998 0.044338 0.073773
12 0.477030 0.422796 0.036325 0.060906
12 0.531517 0.601223 0.038462 0.064337
12 0.398237 0.506005 0.036859 0.050612
12 0.795139 0.471263 0.034722 0.065195
12 0.837607 0.468689 0.029915 0.065195
12 0.926816 0.473407 0.022436 0.074631