13 0.324786 0.588706 0.055556 0.090004
13 0.389957 0.587841 0.052350 0.083081
13 0.440972 0.588273 0.050748 0.087408
13 0.491720 0.587408 0.050748 0.085677
13 0.542735 0.590437 0.050214 0.079619
13 0.594284 0.582215 0.051816 0.078754
13 0.646902 0.587408 0.048077 0.077023
13 0.699252 0.586543 0.047009 0.077023
13 0.752404 0.588273 0.052885 0.075292
13 0.804487 0.585244 0.054487 0.081350
13 0.857906 0.586975 0.052350 0.076157
13 0.907853 0.603851 0.046474 0.083946
13 0.963675 0.587408 0.054487 0.078754