13 0.114049 0.503038 0.029380 0.050347
13 0.142895 0.496528 0.025107 0.046007
13 0.166723 0.497076 0.021930 0.042489
13 0.191043 0.499132 0.023336 0.040205
13 0.214378 0.500503 0.025022 0.039291
13 0.239822 0.498447 0.024179 0.037920
13 0.265407 0.497304 0.024179 0.041118
13 0.288743 0.498218 0.022492 0.039291
13 0.313765 0.499817 0.023617 0.037920
13 0.338647 0.497533 0.025022 0.038834
13 0.363810 0.496391 0.023054 0.035636
13 0.387286 0.502787 0.023898 0.041118
13 0.414136 0.497990 0.026991 0.039748
13 0.582406 0.495934 0.026709 0.037463
13 0.617971 0.497761 0.019118 0.041118
13 0.642291 0.497076 0.023898 0.040662
13 0.667313 0.498447 0.021649 0.039748
13 0.691492 0.495249 0.023898 0.037920
13 0.715390 0.497533 0.023898 0.041575