6 0.442041 0.900726 0.049679 0.082222
16 0.636218 0.772199 0.051282 0.079626
16 0.564370 0.823697 0.056090 0.087415
16 0.686432 0.334257 0.022436 0.051930
16 0.654915 0.332959 0.028846 0.061450
16 0.622596 0.331660 0.026175 0.053661
16 0.588408 0.333824 0.028312 0.057988
16 0.556357 0.324736 0.026175 0.045006
16 0.524038 0.332093 0.028846 0.059719
16 0.492254 0.315216 0.026175 0.057123
16 0.458066 0.329497 0.028312 0.052795
16 0.352564 0.207894 0.028846 0.051930
16 0.361111 0.320409 0.028846 0.050199
16 0.326656 0.323005 0.025107 0.053661
16 0.288194 0.313918 0.028312 0.054526
16 0.304487 0.181929 0.023504 0.046737
16 0.318910 0.580491 0.036325 0.083953
16 0.347222 0.555392 0.038462 0.075298
16 0.281784 0.572702 0.038996 0.078760
16 0.256677 0.541544 0.052885 0.085684
6 0.682158 0.734550 0.047009 0.080491
13 0.080662 0.229099 0.055556 0.080491
13 0.115118 0.124373 0.045406 0.083953