6 0.240385 0.620076 0.044872 0.073960
6 0.079060 0.808891 0.047009 0.065259
6 0.105235 0.332068 0.043803 0.089622
16 0.680556 0.541331 0.039530 0.083531
16 0.813835 0.523493 0.055021 0.094843
16 0.883013 0.541331 0.037393 0.078310
16 0.784722 0.117149 0.023504 0.051337
16 0.817842 0.128460 0.024573 0.053077
16 0.844818 0.139772 0.026175 0.058298
16 0.875801 0.157174 0.022970 0.047856
16 0.903045 0.171096 0.025107 0.051337
16 0.924947 0.182407 0.027244 0.049597
16 0.903312 0.295958 0.022436 0.052207
16 0.861645 0.284646 0.024573 0.053947
16 0.771635 0.271159 0.026175 0.053077
16 0.817308 0.299438 0.025641 0.050467
16 0.723825 0.548727 0.024573 0.061778
16 0.767094 0.665757 0.039530 0.080051
6 0.961538 0.916351 0.053419 0.090492
6 0.875801 0.963831 0.050748 0.072338