6 0.479167 0.494430 0.043803 0.075414
6 0.508547 0.347030 0.039530 0.073700
6 0.615919 0.464864 0.039530 0.077985
6 0.609776 0.631118 0.041132 0.062559
6 0.434028 0.831650 0.038996 0.064273
6 0.573718 0.065084 0.048077 0.059988
6 0.498932 0.183347 0.037393 0.068558
6 0.748932 0.257904 0.040598 0.075414
6 0.838141 0.203486 0.038462 0.079699
6 0.227564 0.420730 0.034188 0.066844
6 0.185096 0.331175 0.043269 0.074557
6 0.083868 0.341459 0.041667 0.065987
6 0.078793 0.491430 0.046474 0.076271
6 0.079594 0.647400 0.043803 0.071129