6 0.458066 0.704564 0.047543 0.069040
6 0.432692 0.839662 0.045940 0.076712
6 0.342415 0.691779 0.043803 0.063926
6 0.601763 0.642769 0.044338 0.063074
6 0.613515 0.472725 0.041132 0.067336
6 0.506944 0.349986 0.039530 0.065631
6 0.498397 0.186335 0.037393 0.069040
6 0.574519 0.072120 0.041132 0.051993
6 0.718750 0.179943 0.035791 0.075007
6 0.748665 0.251540 0.048611 0.068188
6 0.224092 0.424141 0.044338 0.065631
6 0.075588 0.495312 0.045406 0.073302
6 0.080662 0.347003 0.040598 0.081826
6 0.072917 0.652144 0.046474 0.076712