19 0.267361 0.643950 0.016560 0.033617
19 0.259867 0.570203 0.014454 0.032451
19 0.275421 0.570457 0.012883 0.031944
19 0.289561 0.573753 0.010998 0.034479
19 0.304487 0.569950 0.011941 0.028902
19 0.319570 0.571978 0.010684 0.028902
19 0.332611 0.573753 0.017911 0.040564
19 0.280920 0.648035 0.013198 0.039042
19 0.293803 0.647781 0.014454 0.043606
19 0.309672 0.642964 0.016026 0.034986
19 0.324755 0.642964 0.014769 0.037014
19 0.340309 0.643218 0.016340 0.036507
19 0.355235 0.639669 0.013512 0.031437
19 0.370161 0.641697 0.014454 0.035493
19 0.383987 0.640176 0.018854 0.036507
19 0.401741 0.641443 0.012883 0.028902
19 0.414938 0.641950 0.012883 0.028902
19 0.427665 0.643725 0.016340 0.036507
19 0.444633 0.642204 0.014454 0.030423
19 0.458930 0.640683 0.013512 0.029409
19 0.473542 0.641443 0.014454 0.030930
19 0.488625 0.642204 0.014454 0.031437
19 0.503079 0.639162 0.015711 0.027380
19 0.516905 0.640936 0.013198 0.030930
19 0.531046 0.639415 0.014454 0.032958
19 0.547386 0.641190 0.011312 0.031437
19 0.558226 0.639922 0.013512 0.031944
19 0.574095 0.642964 0.013826 0.036000
19 0.593420 0.619640 0.014769 0.028902
19 0.611331 0.616852 0.014140 0.026366
19 0.627042 0.619387 0.017283 0.026366
19 0.645268 0.620401 0.016654 0.027380
19 0.664121 0.615584 0.014140 0.024845
19 0.680618 0.616852 0.015083 0.025352
19 0.702300 0.614316 0.016340 0.024338
19 0.723511 0.615077 0.015397 0.024845