12 0.308226 0.589822 0.014957 0.039921
12 0.322349 0.593195 0.015692 0.039053
12 0.342548 0.594551 0.016693 0.038511
12 0.361078 0.590483 0.016360 0.036884
12 0.382278 0.588856 0.020700 0.041223
12 0.423177 0.592382 0.014356 0.034172
12 0.443543 0.589127 0.015024 0.036341
12 0.500300 0.596992 0.020366 0.041223
12 0.455562 0.834837 0.025708 0.024408
12 0.441540 0.826972 0.019698 0.026036
12 0.424346 0.831312 0.025374 0.024951
12 0.445546 0.985355 0.019698 0.021696
12 0.426015 0.987253 0.019364 0.023323
12 0.428519 0.968812 0.017695 0.021154
12 0.452224 0.914571 0.021034 0.017899
12 0.432692 0.911588 0.017361 0.019527
2 0.541867 0.598348 0.019364 0.029832
2 0.565071 0.596721 0.014356 0.032002
2 0.589109 0.598348 0.019698 0.034172